1,0,10398,-5460,-4882,57,79,-32,-42,5,0,1,1
2,834,9928,-2960,-6917,51,73,-13,-56,3,0,1,1
3,1668,8926,-358,-8541,27,63,6,-68,1,0,1,1
4,2502,7527,2378,-9893,12,51,28,-74,5,0,1,1
5,3336,5529,4931,-10468,-8,36,43,-76,3,0,1,1
6,4170,2968,6949,-9961,-45,15,56,-72,-1,0,1,1
7,5004,323,8570,-8931,-39,-6,68,-62,0,0,1,1
8,5838,-2412,9891,-7529,-49,-26,73,-50,-3,0,1,1
9,6672,-4945,10449,-5546,-42,-41,74,-34,-1,0,1,1
10,7506,-6960,9913,-2994,-41,-57,69,-15,-3,0,1,1
11,8340,-8567,8902,-363,-28,-68,60,4,-3,0,1,1
12,9174,-9899,7457,2390,-52,-77,47,24,-6,0,1,1
13,10008,-10393,5461,4878,-54,-77,33,42,-2,0,1,1
14,10842,-9932,2964,6922,-45,-73,13,57,-4,0,1,1
15,11676,-8924,353,8538,-33,-63,-7,67,-4,0,1,1
16,12510,-7526,-2370,9892,-4,-51,-28,75,-4,0,1,1
17,13344,-5523,-4935,10465,7,-33,-41,75,1,0,1,1
18,14178,-2966,-6948,9963,48,-14,-58,71,-1,0,1,1
19,15012,-323,-8574,8940,43,5,-68,63,-1,0,1,1
20,15846,2402,-9888,7531,45,25,-74,51,3,0,1,1
21,16680,4943,-10447,5548,44,43,-74,34,3,0,1,1
22,17514,6957,-9913,2995,39,57,-69,15,3,0,1,1
23,18348,8572,-8894,357,35,69,-59,-6,4,0,1,1
24,19182,9893,-7461,-2387,45,77,-49,-25,2,0,1,1
25,20016,10408,-5460,-4883,66,77,-32,-40,4,0,1,1
26,20850,9924,-2968,-6914,42,73,-12,-56,5,0,1,1
27,21684,8930,-354,-8539,36,63,8,-69,2,0,1,1
28,22518,7523,2377,-9895,5,51,26,-75,3,0,1,1
29,23352,5531,4927,-10465,-7,33,42,-76,-1,0,1,1
30,24186,2965,6951,-9961,-45,14,57,-72,-1,0,1,1
31,25020,327,8567,-8936,-43,-6,69,-62,0,0,1,1
32,25854,-2418,9893,-7524,-49,-26,74,-51,-3,0,1,1
33,26688,-4942,10449,-5548,-41,-44,74,-34,-4,0,1,1
34,27522,-6961,9913,-2997,-44,-57,71,-16,-2,0,1,1
35,28356,-8567,8902,-366,-31,-69,61,5,-3,0,1,1
36,29190,-9894,7456,2391,-47,-75,49,24,-2,0,1,1
37,30024,-10398,5457,4880,-61,-78,32,41,-5,0,1,1
38,30858,-9928,2964,6919,-44,-73,14,56,-3,0,1,1
39,31692,-8929,352,8540,-37,-64,-5,68,-1,0,1,1
40,32526,-7523,-2373,9894,-3,-51,-28,74,-6,0,1,1
41,33360,-5527,-4932,10467,7,-33,-44,76,-1,0,1,1
42,34194,-2960,-6952,9960,48,-13,-57,71,1,0,1,1
43,35028,-326,-8573,8938,38,7,-68,63,2,0,1,1
44,35862,2407,-9891,7529,45,25,-74,49,0,0,1,1
45,36696,4943,-10449,5546,40,43,-75,34,3,0,1,1
46,37530,6956,-9912,2996,40,56,-68,16,4,0,1,1
47,38364,8563,-8893,362,31,69,-60,-6,4,0,1,1
48,39198,9890,-7455,-2387,48,77,-48,-25,4,0,1,1
49,40032,10403,-5461,-4878,65,78,-32,-41,5,0,1,1
50,40866,9932,-2966,-6923,43,72,-12,-56,4,0,1,1
51,41700,8927,-353,-8541,33,64,6,-68,2,0,1,1
52,42534,7522,2380,-9893,9,50,27,-75,2,0,1,1
53,43368,5528,4927,-10466,-11,35,43,-77,1,0,1,1
54,44202,2970,6952,-9963,-41,14,57,-73,-2,0,1,1
55,45036,330,8571,-8935,-34,-5,67,-63,-1,0,1,1
56,45870,-2417,9891,-7526,-51,-27,74,-50,-3,0,1,1
57,46704,-4948,10449,-5543,-42,-43,74,-34,-3,0,1,1
58,47538,-6954,9914,-3004,-43,-58,69,-15,-3,0,1,1
59,48372,-8565,8900,-364,-29,-68,60,5,-3,0,1,1
60,49206,-9887,7449,2387,-51,-77,48,25,-4,0,1,1
61,50040,-10400,5455,4883,-62,-79,32,41,-6,0,1,1
62,50874,-9932,2966,6915,-50,-73,14,56,-2,0,1,1
63,51708,-8931,358,8543,-30,-64,-5,66,-3,0,1,1
64,52542,-7524,-2376,9891,-10,-50,-27,74,-3,0,1,1
65,53376,-5523,-4933,10466,10,-35,-43,76,-2,0,1,1
66,54210,-2966,-6952,9963,44,-16,-58,71,-2,0,1,1
67,55044,-334,-8573,8942,34,7,-67,63,3,0,1,1
68,55878,2409,-9891,7531,49,27,-74,51,4,0,1,1
69,56712,4939,-10444,5545,40,44,-75,33,2,0,1,1
70,57546,6962,-9913,2994,43,58,-70,15,3,0,1,1
71,58380,8566,-8898,363,31,67,-61,-6,0,0,1,1
72,59214,9893,-7457,-2386,50,76,-48,-24,4,0,1,1
73,60048,10400,-5458,-4879,63,77,-32,-41,3,0,1,1
74,60882,9928,-2968,-6913,47,73,-13,-56,5,0,1,1
75,61716,8933,-361,-8540,32,64,7,-69,2,0,1,1
76,62550,7523,2380,-9893,10,50,27,-74,2,0,1,1
77,63384,5532,4926,-10464,-6,34,44,-75,2,0,1,1
78,64218,2969,6949,-9963,-46,14,59,-71,2,0,1,1
79,65052,334,8568,-8937,-35,-7,67,-62,-2,0,1,1
80,65886,-2418,9892,-7527,-52,-25,74,-50,-2,0,1,1
81,66720,-4946,10448,-5543,-41,-44,75,-33,-3,0,1,1
82,67554,-6959,9916,-3000,-43,-56,69,-15,-2,0,1,1
83,68388,-8565,8901,-366,-30,-70,61,5,-3,0,1,1
84,69222,-9889,7454,2386,-49,-76,48,24,-3,0,1,1
85,70056,-10392,5455,4876,-62,-77,32,42,-3,0,1,1
86,70890,-9934,2966,6922,-45,-73,14,55,-4,0,1,1
87,71724,-8930,361,8539,-30,-64,-8,68,-4,0,1,1
88,72558,-7524,-2371,9892,-4,-51,-27,75,-3,0,1,1
89,73392,-5521,-4930,10464,13,-34,-42,76,0,0,1,1
90,74226,-2968,-6952,9966,45,-16,-57,71,-3,0,1,1
91,75060,-330,-8571,8940,38,7,-68,64,3,0,1,1
92,75894,2406,-9890,7534,51,26,-74,51,3,0,1,1
93,76728,4945,-10446,5541,40,44,-74,34,5,0,1,1
94,77562,6959,-9916,2999,42,58,-70,15,3,0,1,1
95,78396,8566,-8898,360,28,69,-61,-5,3,0,1,1
96,79230,9893,-7456,-2385,52,77,-49,-25,3,0,1,1
97,80064,10394,-5459,-4875,61,78,-32,-41,6,0,1,1
98,80898,9931,-2968,-6915,48,74,-12,-56,5,0,1,1
99,81732,8934,-361,-8540,33,63,7,-67,2,0,1,1
100,82566,7525,2373,-9892,6,51,27,-75,3,0,1,1
101,83400,5526,4927,-10464,-11,33,41,-77,-3,0,1,1
102,84234,2970,6946,-9961,-45,14,58,-72,1,0,1,1
103,85068,333,8570,-8941,-38,-7,68,-64,-3,0,1,1
104,85902,-2415,9892,-7530,-52,-26,74,-48,1,0,1,1
105,86736,-4944,10446,-5544,-43,-44,73,-35,-5,0,1,1
106,87570,-6962,9916,-2997,-42,-58,70,-15,-3,0,1,1
107,88404,-8564,8902,-368,-30,-68,62,8,2,0,1,1
108,89238,-9889,7454,2387,-48,-75,49,26,0,0,1,1
109,90072,-10388,5455,4876,-57,-78,33,41,-4,0,1,1
110,90906,-9932,2965,6919,-47,-74,11,57,-5,0,1,1
111,91740,-8928,360,8539,-29,-64,-6,68,-2,0,1,1
112,92574,-7527,-2370,9890,-8,-53,-27,75,-5,0,1,1
113,93408,-5524,-4931,10462,7,-35,-44,76,-3,0,1,1
114,94242,-2967,-6948,9967,51,-14,-57,71,0,0,1,1
115,95076,-334,-8571,8942,37,7,-69,62,0,0,1,1
116,95910,2403,-9891,7535,46,26,-75,51,3,0,1,1
117,96744,4935,-10446,5546,35,43,-74,34,3,0,1,1
118,97578,6962,-9915,2997,44,57,-70,15,2,0,1,1
119,98412,8566,-8899,364,31,69,-60,-6,2,0,1,1
120,99246,9893,-7459,-2383,52,76,-48,-24,4,0,1,1
121,100080,10396,-5459,-4879,59,78,-33,-41,4,0,1,1
122,100914,9925,-2967,-6917,40,73,-16,-56,2,0,1,1
123,101748,8935,-364,-8536,35,65,8,-68,6,0,1,1
124,102582,7524,2374,-9893,5,52,26,-76,2,0,1,1
125,103416,5535,4922,-10464,-7,33,42,-76,-1,0,1,1
126,104250,2971,6944,-9962,-48,15,56,-72,0,0,1,1
127,105084,335,8567,-8938,-36,-6,70,-64,0,0,1,1
128,105918,-2411,9891,-7530,-50,-27,76,-52,-3,0,1,1
129,106752,-4945,10453,-5546,-38,-42,75,-36,-3,0,1,1
130,107586,-6955,9915,-3004,-43,-58,70,-15,-3,0,1,1
131,108420,-8567,8903,-368,-32,-69,61,6,-2,0,1,1
132,109254,-9891,7454,2385,-52,-77,47,26,-4,0,1,1
133,110088,-10393,5459,4873,-61,-78,32,41,-4,0,1,1
134,110922,-9931,2967,6921,-43,-73,13,57,-3,0,1,1
135,111756,-8934,361,8540,-32,-63,-7,68,-2,0,1,1
136,112590,-7528,-2370,9891,-8,-51,-26,75,-2,0,1,1
137,113424,-5523,-4928,10460,9,-35,-42,75,-2,0,1,1
138,114258,-2970,-6945,9963,47,-15,-58,72,-1,0,1,1
139,115092,-333,-8571,8942,37,9,-67,62,3,0,1,1
140,115926,2400,-9890,7536,46,27,-74,50,3,0,1,1
141,116760,4938,-10447,5547,38,41,-74,35,2,0,1,1
142,117594,6956,-9915,3003,44,57,-70,14,1,0,1,1
143,118428,8566,-8900,364,30,70,-60,-5,5,0,1,1
144,119262,9893,-7461,-2380,53,76,-49,-24,3,0,1,1
145,120096,10396,-5465,-4875,57,77,-33,-40,4,0,1,1
146,120930,9927,-2967,-6912,48,73,-13,-58,2,0,1,1
147,121764,8933,-362,-8540,31,64,7,-67,4,0,1,1
148,122598,7528,2368,-9892,4,51,27,-74,4,0,1,1
149,123432,5533,4928,-10465,-5,37,43,-76,4,0,1,1
150,124266,2970,6941,-9957,-46,14,57,-71,0,0,1,1
151,125100,334,8568,-8939,-37,-7,68,-63,-2,0,1,1
152,125934,-2409,9890,-7534,-52,-27,73,-49,-2,0,1,1
153,126768,-4943,10452,-5552,-43,-43,75,-35,-2,0,1,1
154,127602,-6953,9915,-3004,-41,-57,70,-16,-4,0,1,1
155,128436,-8567,8901,-365,-31,-69,62,5,-3,0,1,1
156,129270,-9887,7459,2383,-45,-77,48,25,-4,0,1,1
157,130104,-10397,5461,4874,-63,-78,32,42,-5,0,1,1
158,130938,-9926,2966,6916,-43,-74,14,56,-4,0,1,1
159,131772,-8931,358,8540,-33,-65,-6,69,-2,0,1,1
160,132606,-7529,-2370,9893,-7,-51,-27,75,-3,0,1,1
161,133440,-5527,-4929,10464,8,-34,-43,75,-3,0,1,1
162,134274,-2968,-6946,9961,46,-15,-57,72,0,0,1,1
163,135108,-329,-8573,8938,35,7,-67,63,3,0,1,1
164,135942,2404,-9890,7534,48,26,-76,51,1,0,1,1
165,136776,4937,-10446,5547,38,43,-75,33,1,0,1,1
166,137610,6956,-9916,3004,44,59,-70,15,5,0,1,1
167,138444,8567,-8898,361,30,69,-63,-6,0,0,1,1
168,139278,9892,-7460,-2380,52,77,-49,-26,2,0,1,1
169,140112,10396,-5459,-4876,61,79,-30,-42,6,0,1,1
170,140946,9931,-2972,-6911,48,75,-13,-56,6,0,1,1
171,141780,8930,-359,-8539,32,64,7,-68,3,0,1,1
172,142614,7526,2373,-9893,6,50,27,-74,3,0,1,1
173,143448,5534,4927,-10465,-4,34,45,-76,4,0,1,1
174,144282,2969,6944,-9960,-47,14,57,-71,0,0,1,1
175,145116,331,8567,-8936,-38,-6,68,-63,-1,0,1,1
176,145950,-2411,9890,-7531,-52,-27,75,-50,-2,0,1,1
177,146784,-4944,10452,-5549,-41,-43,74,-33,-3,0,1,1
178,147618,-6952,9911,-3003,-43,-57,71,-15,0,0,1,1
179,148452,-8565,8902,-367,-30,-68,61,6,-2,0,1,1
180,149286,-9891,7455,2386,-50,-76,47,26,-3,0,1,1
181,150120,-10399,5463,4877,-59,-78,31,43,-4,0,1,1
182,150954,-9925,2967,6913,-44,-74,14,56,-4,0,1,1
183,151788,-8927,358,8538,-31,-64,-5,67,-1,0,1,1
184,152622,-7521,-2372,9891,-3,-51,-28,75,-4,0,1,1
185,153456,-5530,-4929,10466,6,-35,-45,76,-4,0,1,1
186,154290,-2967,-6947,9962,48,-13,-58,70,0,0,1,1
187,155124,-328,-8572,8939,38,8,-69,64,2,0,1,1
188,155958,2407,-9890,7530,46,26,-73,50,3,0,1,1
189,156792,4938,-10446,5550,42,42,-75,34,1,0,1,1
190,157626,6955,-9915,3000,40,57,-70,15,3,0,1,1
191,158460,8563,-8898,364,29,70,-61,-6,2,0,1,1
192,159294,9897,-7456,-2388,53,76,-48,-24,5,0,1,1
193,160128,10398,-5465,-4877,57,78,-32,-42,4,0,1,1
194,160962,9932,-2968,-6911,53,73,-14,-57,3,0,1,1
195,161796,8926,-356,-8541,29,64,8,-68,5,0,1,1
196,162630,7523,2375,-9890,7,51,26,-75,1,0,1,1
197,163464,5530,4927,-10466,-9,34,43,-76,2,0,1,1
198,164298,2973,6941,-9960,-46,16,57,-71,2,0,1,1
199,165132,329,8567,-8935,-39,-8,69,-64,-3,0,1,1
200,165966,-2418,9891,-7524,-51,-28,74,-51,-5,0,1,1
201,166800,-4950,10453,-5547,-44,-41,75,-35,-1,0,1,1
202,167634,-6959,9913,-3004,-49,-56,69,-17,-4,0,1,1
203,168468,-8568,8899,-365,-33,-69,62,6,-1,0,1,1
204,169302,-9890,7453,2393,-44,-77,49,24,-4,0,1,1
205,170136,-10396,5456,4877,-64,-77,33,43,-2,0,1,1
206,170970,-9926,2970,6917,-38,-73,15,57,-1,0,1,1
207,171804,-8931,357,8534,-40,-64,-8,68,-4,0,1,1
208,172638,-7517,-2378,9893,-2,-51,-26,77,0,0,1,1
209,173472,-5522,-4934,10467,10,-35,-42,76,-1,0,1,1
210,174306,-2966,-6949,9960,46,-15,-57,71,-1,0,1,1
211,175140,-327,-8572,8940,41,7,-67,63,3,0,1,1
212,175974,2411,-9892,7527,46,26,-74,51,3,0,1,1
213,176808,4945,-10446,5544,43,43,-75,34,2,0,1,1
214,177642,6964,-9916,2996,44,56,-71,15,1,0,1,1
215,178476,8566,-8896,357,27,69,-61,-5,3,0,1,1
216,179310,9895,-7456,-2386,52,77,-49,-25,3,0,1,1
217,180144,10398,-5457,-4880,62,76,-33,-41,1,0,1,1
218,180978,9926,-2966,-6913,47,73,-14,-55,4,0,1,1
219,181812,8930,-358,-8533,39,64,7,-68,3,0,1,1
220,182646,7520,2380,-9892,8,52,27,-75,3,0,1,1
221,183480,5528,4929,-10465,-8,34,44,-77,1,0,1,1
222,184314,2967,6949,-9962,-46,14,58,-72,-1,0,1,1
223,185148,327,8569,-8933,-37,-8,68,-63,-3,0,1,1
224,185982,-2420,9891,-7523,-51,-25,74,-49,-1,0,1,1
225,186816,-4955,10451,-5541,-45,-42,75,-34,-2,0,1,1
226,187650,-6961,9915,-3000,-45,-57,70,-15,-2,0,1,1
227,188484,-8569,8900,-363,-32,-69,60,7,-1,0,1,1
228,189318,-9894,7451,2394,-49,-76,48,25,-4,0,1,1
229,190152,-10394,5455,4881,-59,-77,33,40,-4,0,1,1
230,190986,-9926,2964,6916,-45,-74,14,57,-2,0,1,1
231,191820,-8926,358,8538,-30,-63,-7,69,-1,0,1,1
232,192654,-7520,-2376,9888,-9,-52,-28,76,-3,0,1,1
233,193488,-5515,-4940,10463,7,-34,-43,77,-1,0,1,1
234,194322,-2969,-6950,9964,45,-15,-58,72,-2,0,1,1
235,195156,-318,-8575,8937,43,6,-68,63,1,0,1,1
236,195990,2412,-9890,7526,48,26,-75,52,2,0,1,1
237,196824,4954,-10446,5537,45,44,-75,35,4,0,1,1
238,197658,6961,-9919,2997,39,58,-70,15,3,0,1,1
239,198492,8571,-8895,356,32,69,-59,-6,4,0,1,1
240,199326,9897,-7454,-2392,51,77,-48,-24,5,0,1,1
241,200160,10395,-5452,-4883,61,79,-34,-42,3,0,1,1
242,200994,9925,-2966,-6915,44,75,-13,-56,6,0,1,1
243,201828,8929,-356,-8539,34,65,6,-68,4,0,1,1
244,202662,7518,2379,-9893,4,50,26,-74,2,0,1,1
245,203496,5520,4934,-10464,-10,34,45,-76,3,0,1,1
246,204330,2964,6950,-9961,-47,13,58,-73,-2,0,1,1
247,205164,326,8570,-8934,-39,-6,68,-62,0,0,1,1
248,205998,-2425,9894,-7523,-54,-27,75,-50,-2,0,1,1
249,206832,-4960,10449,-5535,-45,-42,77,-35,0,0,1,1
250,207666,-6965,9916,-2998,-47,-59,70,-14,-3,0,1,1
251,208500,-8574,8898,-359,-34,-69,61,4,-4,0,1,1
252,209334,-9890,7458,2387,-45,-76,48,25,-3,0,1,1
253,210168,-10392,5444,4887,-61,-77,34,42,-1,0,1,1
254,211002,-9922,2961,6916,-44,-73,13,56,-4,0,1,1
255,211836,-8928,355,8539,-34,-64,-6,67,-3,0,1,1
256,212670,-7523,-2374,9889,-8,-51,-28,75,-4,0,1,1
257,213504,-5515,-4934,10462,12,-34,-43,76,-1,0,1,1
258,214338,-2958,-6951,9959,50,-15,-57,72,0,0,1,1
259,215172,-325,-8575,8940,40,7,-69,63,1,0,1,1
260,216006,2417,-9895,7525,47,25,-76,51,0,0,1,1
261,216840,4951,-10446,5540,45,44,-75,35,3,0,1,1
262,217674,6969,-9917,2994,46,58,-69,14,2,0,1,1
263,218508,8566,-8893,359,31,68,-60,-5,4,0,1,1
264,219342,9894,-7458,-2388,48,77,-49,-25,3,0,1,1
265,220176,10395,-5452,-4880,63,79,-33,-42,3,0,1,1
266,221010,9925,-2964,-6917,44,74,-12,-55,7,0,1,1
267,221844,8926,-358,-8539,29,65,7,-67,6,0,1,1
268,222678,7520,2379,-9888,10,50,27,-75,3,0,1,1
269,223512,5520,4931,-10462,-11,34,44,-76,2,0,1,1
270,224346,2965,6949,-9961,-47,15,56,-72,0,0,1,1
271,225180,327,8569,-8936,-41,-7,67,-62,-2,0,1,1
272,226014,-2418,9893,-7529,-54,-27,76,-50,0,0,1,1
273,226848,-4951,10446,-5539,-43,-42,75,-35,-3,0,1,1
274,227682,-6961,9914,-2998,-44,-58,70,-16,-5,0,1,1
275,228516,-8571,8901,-365,-34,-70,61,6,-3,0,1,1
276,229350,-9893,7461,2384,-48,-76,48,25,-3,0,1,1
277,230184,-10398,5458,4881,-59,-76,33,43,0,0,1,1
278,231018,-9920,2963,6914,-43,-73,13,57,-3,0,1,1
279,231852,-8927,360,8535,-32,-63,-8,67,-3,0,1,1
280,232686,-7524,-2367,9884,-7,-51,-26,76,-1,0,1,1
281,233520,-5520,-4933,10463,9,-34,-43,75,-3,0,1,1
282,234354,-2966,-6948,9962,48,-15,-59,73,-1,0,1,1
283,235188,-327,-8572,8941,42,8,-68,63,3,0,1,1
284,236022,2407,-9891,7532,48,27,-74,51,4,0,1,1
285,236856,4951,-10447,5539,43,42,-76,34,0,0,1,1
286,237690,6956,-9914,2998,40,56,-70,16,3,0,1,1
287,238524,8572,-8901,362,33,69,-60,-5,5,0,1,1
288,239358,9894,-7465,-2379,49,76,-48,-24,4,0,1,1
289,240192,10397,-5462,-4874,62,78,-32,-42,4,0,1,1
290,241026,9925,-2967,-6911,47,74,-13,-57,4,0,1,1
291,241860,8933,-361,-8538,34,65,7,-67,5,0,1,1
292,242694,7529,2368,-9887,9,51,26,-75,3,0,1,1
293,243528,5526,4924,-10461,-10,35,43,-76,1,0,1,1
294,244362,2966,6943,-9958,-49,16,58,-71,2,0,1,1
295,245196,328,8570,-8939,-41,-7,67,-63,-2,0,1,1
296,246030,-2413,9894,-7534,-52,-27,76,-51,-2,0,1,1
297,246864,-4947,10451,-5550,-45,-43,74,-32,-1,0,1,1
298,247698,-6960,9916,-3001,-44,-58,71,-16,-3,0,1,1
299,248532,-8571,8903,-367,-34,-69,61,4,-4,0,1,1
300,249366,-9895,7467,2376,-52,-77,48,25,-4,0,1,1
301,250200,-10396,5463,4874,-59,-78,32,42,-4,0,1,1
302,251034,-9918,2966,6909,-42,-74,13,56,-5,0,1,1
303,251868,-8929,362,8535,-32,-64,-8,68,-4,0,1,1
304,252702,-7530,-2357,9882,-4,-50,-28,75,-4,0,1,1
305,253536,-5526,-4924,10463,13,-33,-44,77,0,0,1,1
306,254370,-2973,-6940,9959,46,-14,-59,72,0,0,1,1
307,255204,-325,-8570,8941,46,7,-67,63,3,0,1,1
308,256038,2397,-9888,7539,48,27,-75,52,4,0,1,1
309,256872,4945,-10450,5551,46,43,-75,35,2,0,1,1
310,257706,6956,-9915,3004,45,57,-70,16,3,0,1,1
311,258540,8567,-8900,365,32,70,-61,-6,3,0,1,1
312,259374,9894,-7469,-2373,51,76,-47,-25,4,0,1,1
313,260208,10396,-5471,-4870,56,77,-31,-42,3,0,1,1
314,261042,9927,-2971,-6909,47,72,-12,-57,4,0,1,1
315,261876,8929,-369,-8531,29,65,7,-68,4,0,1,1
316,262710,7526,2370,-9885,10,49,26,-76,-1,0,1,1
317,263544,5537,4917,-10461,-6,35,42,-76,1,0,1,1
318,264378,2970,6941,-9959,-48,14,58,-71,1,0,1,1
319,265212,332,8563,-8936,-42,-7,68,-62,-1,0,1,1
320,266046,-2409,9890,-7534,-52,-25,75,-50,0,0,1,1
321,266880,-4947,10453,-5553,-46,-42,75,-34,-1,0,1,1
322,267714,-6957,9921,-3008,-43,-55,69,-15,-1,0,1,1
323,268548,-8570,8903,-370,-36,-69,62,6,-2,0,1,1
324,269382,-9892,7470,2375,-47,-76,49,24,-3,0,1,1
325,270216,-10395,5469,4871,-55,-76,33,42,-1,0,1,1
326,271050,-9925,2970,6908,-47,-73,14,56,-4,0,1,1
327,271884,-8926,365,8532,-29,-64,-7,68,-2,0,1,1
328,272718,-7528,-2359,9885,-2,-52,-28,76,-3,0,1,1
329,273552,-5533,-4921,10463,9,-34,-42,76,0,0,1,1
330,274386,-2971,-6938,9960,51,-15,-56,71,0,0,1,1
331,275220,-329,-8567,8939,43,6,-68,64,2,0,1,1
332,276054,2406,-9889,7533,50,26,-75,53,4,0,1,1
333,276888,4944,-10452,5557,48,43,-76,33,0,0,1,1
334,277722,6962,-9920,3001,43,58,-71,14,1,0,1,1
335,278556,8570,-8904,365,31,69,-60,-6,4,0,1,1
336,279390,9893,-7467,-2378,47,75,-47,-26,2,0,1,1
337,280224,10398,-5472,-4865,62,78,-33,-41,3,0,1,1
338,281058,9920,-2970,-6905,45,74,-13,-57,4,0,1,1
339,281892,8931,-369,-8530,31,62,8,-68,2,0,1,1
340,282726,7524,2369,-9888,4,50,26,-76,0,0,1,1
341,283560,5533,4917,-10464,-14,34,43,-77,1,0,1,1
342,284394,2969,6942,-9959,-48,15,58,-72,1,0,1,1
343,285228,325,8567,-8934,-42,-6,68,-63,-2,0,1,1
344,286062,-2417,9893,-7530,-53,-26,75,-51,-1,0,1,1
345,286896,-4949,10456,-5554,-46,-43,75,-34,-2,0,1,1
346,287730,-6964,9922,-3005,-46,-57,70,-15,-2,0,1,1
347,288564,-8574,8906,-364,-32,-68,60,4,-3,0,1,1
348,289398,-9900,7468,2381,-51,-76,48,24,-4,0,1,1
349,290232,-10404,5473,4873,-58,-77,32,43,-2,0,1,1
350,291066,-9910,2966,6907,-37,-73,13,57,-4,0,1,1
351,291900,-8928,366,8527,-35,-64,-6,68,-2,0,1,1
352,292734,-7517,-2371,9885,-2,-50,-27,75,-2,0,1,1
353,293568,-5532,-4923,10464,9,-35,-43,77,-2,0,1,1
354,294402,-2964,-6949,9959,47,-14,-58,72,1,0,1,1
355,295236,-329,-8567,8940,44,7,-68,62,1,0,1,1
356,296070,2418,-9893,7527,52,27,-74,51,3,0,1,1
357,296904,4948,-10451,5547,44,44,-76,33,1,0,1,1
358,297738,6964,-9923,3001,42,56,-69,14,1,0,1,1
359,298572,8572,-8899,362,35,68,-61,-5,2,0,1,1
360,299406,9892,-7469,-2378,44,76,-47,-26,4,0,1,1
361,300240,10399,-5462,-4871,66,78,-32,-43,3,0,1,1
362,301074,9913,-2967,-6903,43,72,-14,-56,3,0,1,1
363,301908,8930,-365,-8532,33,62,8,-68,2,0,1,1
364,302742,7519,2374,-9886,6,51,27,-76,2,0,1,1
365,303576,5532,4918,-10460,-10,34,44,-77,1,0,1,1
366,304410,2969,6945,-9960,-47,15,57,-73,-2,0,1,1
367,305244,328,8568,-8937,-41,-6,69,-62,0,0,1,1
368,306078,-2416,9893,-7529,-51,-26,74,-51,-2,0,1,1
369,306912,-4951,10453,-5552,-49,-42,74,-34,-3,0,1,1
370,307746,-6967,9922,-3004,-49,-56,71,-14,1,0,1,1
371,308580,-8572,8909,-369,-32,-69,60,6,-2,0,1,1
372,309414,-9898,7464,2385,-49,-76,48,26,-2,0,1,1
373,310248,-10394,5463,4873,-58,-77,33,42,-2,0,1,1
374,311082,-9918,2968,6908,-42,-72,14,56,-1,0,1,1
375,311916,-8922,361,8529,-31,-64,-6,68,-1,0,1,1
376,312750,-7524,-2363,9878,-8,-51,-26,77,-1,0,1,1
377,313584,-5527,-4925,10462,10,-34,-43,77,0,0,1,1
378,314418,-2972,-6942,9964,50,-14,-57,72,1,0,1,1
379,315252,-328,-8572,8940,40,8,-67,63,4,0,1,1
380,316086,2408,-9891,7530,47,26,-75,51,2,0,1,1
381,316920,4948,-10449,5549,49,42,-75,35,2,0,1,1
382,317754,6968,-9921,3002,48,57,-70,17,4,0,1,1
383,318588,8565,-8905,367,27,69,-61,-6,2,0,1,1
384,319422,9896,-7463,-2380,53,74,-49,-24,2,0,1,1
385,320256,10389,-5464,-4869,57,77,-32,-42,3,0,1,1
386,321090,9924,-2974,-6905,45,74,-14,-55,4,0,1,1
387,321924,8931,-368,-8531,32,64,7,-68,4,0,1,1
388,322758,7525,2369,-9885,8,51,26,-76,1,0,1,1
389,323592,5532,4920,-10463,-10,35,43,-78,0,0,1,1
390,324426,2970,6944,-9960,-47,15,59,-72,2,0,1,1
391,325260,333,8564,-8937,-40,-6,70,-64,-1,0,1,1
392,326094,-2413,9891,-7529,-51,-26,74,-51,-2,0,1,1
393,326928,-4955,10452,-5547,-49,-43,76,-34,-1,0,1,1
394,327762,-6962,9924,-3007,-44,-57,70,-15,-3,0,1,1
395,328596,-8571,8908,-369,-32,-68,62,7,1,0,1,1
396,329430,-9887,7469,2374,-44,-75,49,24,-2,0,1,1
397,330264,-10391,5461,4868,-62,-77,33,42,-2,0,1,1
398,331098,-9917,2968,6909,-40,-73,14,57,-3,0,1,1
399,331932,-8933,371,8529,-33,-65,-7,68,-3,0,1,1
400,332766,-7527,-2362,9885,-3,-52,-26,75,-2,0,1,1
401,333600,-5528,-4924,10461,9,-34,-43,76,-1,0,1,1
402,334434,-2967,-6946,9963,50,-15,-59,73,0,0,1,1
403,335268,-330,-8569,8942,43,6,-68,64,1,0,1,1
404,336102,2407,-9890,7531,48,26,-75,53,4,0,1,1
405,336936,4948,-10447,5548,48,42,-75,34,0,0,1,1
406,337770,6965,-9922,3002,45,56,-69,15,2,0,1,1
407,338604,8573,-8905,369,37,68,-61,-6,1,0,1,1
408,339438,9895,-7470,-2376,48,77,-50,-26,2,0,1,1
409,340272,10387,-5465,-4867,56,77,-32,-40,5,0,1,1
410,341106,9921,-2970,-6904,48,73,-13,-55,4,0,1,1
411,341940,8932,-370,-8531,31,63,7,-69,2,0,1,1
412,342774,7532,2362,-9886,8,50,27,-76,1,0,1,1
413,343608,5532,4920,-10461,-9,34,43,-77,1,0,1,1
414,344442,2969,6941,-9957,-48,15,57,-72,0,0,1,1
415,345276,327,8569,-8937,-41,-7,69,-63,-2,0,1,1
416,346110,-2409,9892,-7533,-50,-28,74,-50,-3,0,1,1
417,346944,-4950,10454,-5554,-49,-44,75,-36,-5,0,1,1
418,347778,-6961,9922,-3004,-43,-58,71,-15,-2,0,1,1
419,348612,-8570,8913,-379,-35,-68,62,6,0,0,1,1
420,349446,-9895,7467,2379,-49,-76,47,24,-5,0,1,1
421,350280,-10388,5467,4864,-57,-78,32,41,-5,0,1,1
422,351114,-9919,2967,6908,-44,-72,13,57,-2,0,1,1
423,351948,-8930,374,8526,-29,-64,-6,68,-2,0,1,1
424,352782,-7529,-2362,9881,-10,-50,-27,75,-2,0,1,1
425,353616,-5529,-4916,10457,12,-34,-43,76,-1,0,1,1
426,354450,-2971,-6946,9961,44,-15,-57,73,0,0,1,1
427,355284,-330,-8566,8942,46,8,-69,63,2,0,1,1
428,356118,2400,-9890,7539,50,27,-76,52,4,0,1,1
429,356952,4945,-10451,5551,44,41,-76,34,0,0,1,1
430,357786,6959,-9919,3004,44,58,-70,16,4,0,1,1
431,358620,8565,-8904,371,32,69,-62,-7,0,0,1,1
432,359454,9894,-7473,-2369,53,75,-48,-25,3,0,1,1
433,360288,10389,-5468,-4863,59,78,-32,-42,4,0,1,1
434,361122,9922,-2976,-6901,45,75,-14,-57,4,0,1,1
435,361956,8933,-370,-8531,32,63,8,-69,2,0,1,1
436,362790,7537,2358,-9884,11,51,26,-75,1,0,1,1
437,363624,5534,4916,-10463,-14,35,45,-77,2,0,1,1
438,364458,2971,6938,-9956,-48,14,56,-72,-2,0,1,1
439,365292,333,8565,-8940,-43,-7,69,-64,-2,0,1,1
440,366126,-2403,9890,-7538,-52,-27,75,-52,-4,0,1,1
441,366960,-4947,10455,-5557,-48,-43,75,-36,-4,0,1,1
442,367794,-6957,9918,-3007,-45,-57,71,-15,0,0,1,1
443,368628,-8571,8912,-377,-35,-69,61,5,-2,0,1,1
444,369462,-9898,7474,2369,-54,-78,49,25,-5,0,1,1
445,370296,-10393,5475,4863,-55,-78,32,42,-5,0,1,1
446,371130,-9907,2967,6903,-37,-74,13,56,-4,0,1,1
447,371964,-8935,370,8527,-38,-65,-6,68,-2,0,1,1
448,372798,-7530,-2355,9883,-2,-52,-28,76,-3,0,1,1
449,373632,-5539,-4913,10459,7,-36,-44,77,-2,0,1,1
450,374466,-2970,-6939,9957,48,-13,-59,72,0,0,1,1
451,375300,-332,-8564,8940,44,7,-67,62,2,0,1,1
452,376134,2401,-9890,7539,51,27,-75,49,1,0,1,1
453,376968,4935,-10450,5558,42,43,-75,35,2,0,1,1
454,377802,6959,-9921,3008,46,56,-70,15,1,0,1,1
455,378636,8568,-8904,370,34,69,-61,-5,3,0,1,1
456,379470,9898,-7479,-2369,51,76,-49,-24,3,0,1,1
457,380304,10388,-5476,-4859,54,77,-31,-42,4,0,1,1
458,381138,9918,-2975,-6898,45,72,-14,-56,2,0,1,1
459,381972,8928,-370,-8528,30,64,7,-68,3,0,1,1
460,382806,7538,2354,-9882,10,51,28,-75,4,0,1,1
461,383640,5544,4909,-10465,-12,34,44,-77,1,0,1,1
462,384474,2977,6934,-9957,-46,14,57,-73,-1,0,1,1
463,385308,330,8563,-8938,-46,-6,69,-63,-1,0,1,1
464,386142,-2403,9892,-7539,-50,-26,75,-51,-2,0,1,1
465,386976,-4946,10457,-5561,-50,-43,75,-34,-2,0,1,1
466,387810,-6950,9920,-3012,-43,-57,70,-15,-3,0,1,1
467,388644,-8570,8907,-375,-37,-70,61,5,-4,0,1,1
468,389478,-9892,7477,2369,-45,-75,49,25,-1,0,1,1
469,390312,-10392,5475,4858,-59,-77,32,42,-3,0,1,1
470,391146,-9917,2977,6897,-42,-72,13,56,-3,0,1,1
471,391980,-8929,370,8524,-34,-66,-9,68,-6,0,1,1
472,392814,-7535,-2349,9880,-5,-51,-27,76,-1,0,1,1
473,393648,-5546,-4911,10463,6,-34,-44,77,-1,0,1,1
474,394482,-2970,-6938,9959,51,-17,-57,71,-4,0,1,1
475,395316,-333,-8566,8941,42,5,-69,64,0,0,1,1
476,396150,2399,-9892,7540,48,25,-75,51,2,0,1,1
477,396984,4935,-10451,5563,47,43,-75,34,2,0,1,1
478,397818,6957,-9921,3009,45,58,-69,16,5,0,1,1
479,398652,8568,-8905,373,37,68,-62,-6,-1,0,1,1
480,399486,9900,-7478,-2372,50,75,-48,-26,1,0,1,1
481,400320,10396,-5482,-4859,55,77,-32,-41,3,0,1,1
482,401154,9920,-2979,-6893,49,74,-13,-56,5,0,1,1
483,401988,8921,-366,-8526,29,63,7,-69,2,0,1,1
484,402822,7533,2356,-9881,8,51,26,-77,0,0,1,1
485,403656,5547,4910,-10464,-7,35,44,-76,3,0,1,1
486,404490,2981,6930,-9960,-49,14,58,-71,0,0,1,1
487,405324,333,8562,-8937,-42,-9,70,-64,-3,0,1,1
488,406158,-2407,9890,-7537,-54,-28,74,-51,-5,0,1,1
489,406992,-4941,10462,-5568,-47,-42,76,-35,-1,0,1,1
490,407826,-6953,9922,-3016,-47,-57,70,-15,-2,0,1,1
491,408660,-8565,8909,-378,-34,-68,61,6,-2,0,1,1
492,409494,-9895,7472,2375,-48,-76,49,25,-2,0,1,1
493,410328,-10396,5479,4859,-58,-77,33,42,-2,0,1,1
494,411162,-9921,2974,6897,-49,-71,13,58,0,0,1,1
495,411996,-8927,372,8524,-30,-65,-7,68,-4,0,1,1
496,412830,-7529,-2355,9881,-4,-52,-27,75,-3,0,1,1
497,413664,-5543,-4913,10461,5,-34,-43,77,0,0,1,1
498,414498,-2974,-6934,9959,50,-14,-58,72,-1,0,1,1
499,415332,-333,-8564,8938,41,7,-69,63,1,0,1,1
500,416166,2404,-9890,7537,52,26,-77,50,-1,0,1,1
501,417000,4942,-10457,5560,45,44,-77,35,2,0,1,1
502,417834,6959,-9925,3011,45,56,-71,16,1,0,1,1
503,418668,8568,-8905,370,34,69,-62,-4,3,0,1,1
504,419502,9898,-7474,-2376,49,76,-49,-25,2,0,1,1
505,420336,10395,-5474,-4863,57,77,-32,-42,3,0,1,1
506,421170,9920,-2977,-6899,44,73,-12,-57,4,0,1,1
507,422004,8929,-372,-8524,33,64,7,-67,3,0,1,1
508,422838,7527,2361,-9885,3,50,27,-75,1,0,1,1
509,423672,5542,4914,-10464,-8,33,44,-76,1,0,1,1
510,424506,2974,6939,-9961,-48,13,57,-72,-1,0,1,1
511,425340,333,8563,-8938,-42,-6,68,-64,-1,0,1,1
512,426174,-2411,9890,-7532,-53,-26,74,-51,-3,0,1,1
513,427008,-4945,10458,-5564,-50,-42,74,-36,-4,0,1,1
514,427842,-6958,9924,-3014,-48,-57,70,-16,-3,0,1,1
515,428676,-8566,8910,-378,-34,-69,61,6,-2,0,1,1
516,429510,-9894,7469,2376,-48,-75,47,24,-3,0,1,1
517,430344,-10398,5471,4867,-59,-78,34,40,-3,0,1,1
518,431178,-9925,2977,6904,-44,-73,13,57,-4,0,1,1
519,432012,-8930,368,8531,-30,-65,-7,68,-4,0,1,1
520,432846,-7528,-2360,9881,-7,-51,-26,75,-2,0,1,1
521,433680,-5526,-4922,10460,12,-34,-44,76,-2,0,1,1
522,434514,-2971,-6939,9958,48,-14,-59,71,-2,0,1,1
523,435348,-329,-8566,8939,44,8,-68,64,4,0,1,1
524,436182,2406,-9888,7532,50,26,-75,50,0,0,1,1
525,437016,4946,-10453,5552,45,43,-73,36,5,0,1,1
526,437850,6963,-9923,3005,44,58,-70,15,3,0,1,1
527,438684,8572,-8908,369,34,67,-61,-5,2,0,1,1
528,439518,9903,-7470,-2380,53,73,-48,-26,0,0,1,1
529,440352,10393,-5466,-4868,59,77,-33,-42,2,0,1,1
530,441186,9927,-2973,-6904,49,74,-13,-56,6,0,1,1
531,442020,8926,-365,-8531,30,65,8,-68,5,0,1,1
532,442854,7526,2364,-9885,5,52,27,-75,4,0,1,1
533,443688,5528,4923,-10463,-12,33,44,-76,1,0,1,1
534,444522,2974,6942,-9962,-47,14,56,-72,-1,0,1,1
535,445356,325,8567,-8936,-44,-7,70,-65,-2,0,1,1
536,446190,-2411,9890,-7532,-53,-26,74,-50,-2,0,1,1
537,447024,-4959,10457,-5550,-51,-44,75,-35,-4,0,1,1
538,447858,-6960,9925,-3011,-46,-58,70,-14,-3,0,1,1
539,448692,-8576,8912,-372,-36,-69,61,4,-4,0,1,1
540,449526,-9896,7470,2380,-46,-75,47,25,-4,0,1,1
541,450360,-10399,5466,4872,-61,-79,32,41,-6,0,1,1
542,451194,-9917,2968,6907,-41,-72,13,58,-1,0,1,1
543,452028,-8928,367,8529,-32,-65,-7,68,-3,0,1,1
544,452862,-7524,-2362,9881,-5,-51,-26,76,-1,0,1,1
545,453696,-5523,-4924,10459,12,-34,-43,78,0,0,1,1
546,454530,-2964,-6947,9959,48,-13,-58,71,1,0,1,1
547,455364,-327,-8567,8938,44,7,-68,65,3,0,1,1
548,456198,2409,-9890,7530,49,26,-76,50,0,0,1,1
549,457032,4949,-10451,5548,45,41,-75,34,0,0,1,1
550,457866,6967,-9924,3005,48,57,-70,14,2,0,1,1
551,458700,8574,-8904,362,32,68,-62,-6,0,0,1,1
552,459534,9903,-7471,-2381,52,77,-49,-24,4,0,1,1
553,460368,10395,-5465,-4872,58,78,-33,-42,3,0,1,1
554,461202,9923,-2967,-6906,50,73,-14,-56,4,0,1,1
555,462036,8926,-364,-8532,30,65,9,-68,6,0,1,1
556,462870,7521,2367,-9885,2,51,28,-76,4,0,1,1
557,463704,5526,4922,-10460,-12,33,44,-74,3,0,1,1
558,464538,2966,6946,-9961,-50,13,59,-72,1,0,1,1
559,465372,325,8570,-8934,-39,-6,69,-64,0,0,1,1
560,466206,-2413,9892,-7531,-52,-26,76,-51,-1,0,1,1
561,467040,-4956,10454,-5551,-52,-42,75,-35,-2,0,1,1
562,467874,-6965,9925,-3007,-47,-59,70,-16,-4,0,1,1
563,468708,-8578,8913,-372,-37,-69,62,6,-1,0,1,1
564,469542,-9907,7474,2382,-50,-76,48,24,-4,0,1,1
565,470376,-10410,5475,4874,-61,-77,33,41,-4,0,1,1
566,471210,-9917,2967,6911,-39,-72,14,56,-3,0,1,1
567,472044,-8912,357,8525,-30,-64,-8,66,-5,0,1,1
568,472878,-7516,-2361,9874,-4,-51,-27,76,-2,0,1,1
569,473712,-5519,-4928,10454,7,-34,-44,76,-3,0,1,1
570,474546,-2971,-6938,9960,51,-15,-59,72,-2,0,1,1
571,475380,-325,-8570,8939,44,6,-68,64,2,0,1,1
572,476214,2409,-9890,7532,51,26,-75,51,2,0,1,1
573,477048,4949,-10450,5550,50,44,-76,34,2,0,1,1
574,477882,6965,-9923,3004,45,57,-71,15,0,0,1,1
575,478716,8577,-8906,368,39,69,-61,-7,0,0,1,1
576,479550,9904,-7477,-2376,51,76,-47,-25,4,0,1,1
577,480384,10398,-5472,-4869,57,76,-32,-42,2,0,1,1
578,481218,9916,-2967,-6904,45,72,-13,-56,3,0,1,1
579,482052,8926,-365,-8531,30,64,7,-68,4,0,1,1
580,482886,7524,2362,-9882,4,50,27,-75,2,0,1,1
581,483720,5532,4915,-10458,-11,35,44,-76,3,0,1,1
582,484554,2966,6942,-9957,-49,14,58,-73,-1,0,1,1
583,485388,331,8564,-8938,-43,-6,70,-64,0,0,1,1
584,486222,-2415,9893,-7534,-56,-27,76,-50,-1,0,1,1
585,487056,-4950,10454,-5552,-47,-43,74,-36,-4,0,1,1
586,487890,-6293,9223,-3097,-167,-67,82,-13,2,0,1,1
587,488724,-2936,3693,-379,377,-126,117,6,-2,0,1,1
588,489558,-6880,4637,1880,-364,-186,158,26,-2,0,1,1
589,490392,-5111,877,4673,439,-241,194,42,-5,0,1,1
590,491226,-8191,1290,6557,-344,-276,215,56,-6,0,1,1
591,492060,-6795,-1390,8595,410,-297,223,69,-5,0,1,1
592,492894,-6571,-3537,9915,-192,-305,218,80,-7,0,1,1
593,493728,-5382,-5010,10640,248,-295,205,86,-4,0,1,1
594,494562,-3490,-6520,9997,-12,-264,178,83,-3,0,1,1
595,495396,-2895,-6340,9301,66,-214,135,76,-3,0,1,1
596,496230,2,-7256,7366,111,-150,87,60,-3,0,1,1
597,497064,874,-6550,5575,-101,-79,37,38,-4,0,1,1
598,497898,3438,-6341,3058,155,-9,-6,14,-1,0,1,1
599,498732,3744,-4471,534,-193,60,-46,-12,2,1,1,1
600,499566,5699,-3430,-2155,113,118,-84,-34,0,1,1,1
601,500400,6082,-1692,-4568,-178,167,-114,-51,2,1,1,1
602,501234,6855,-190,-6629,36,205,-134,-65,5,1,1,1
603,502068,6452,1701,-8313,-160,227,-146,-79,2,1,1,1
604,502902,6061,3538,-9649,-50,235,-143,-86,6,1,1,1
605,503736,5100,5077,-10314,-136,225,-130,-91,4,1,1,1
606,504570,3736,6131,-9954,-87,192,-103,-86,3,1,1,1
607,505404,2134,6779,-9013,-99,144,-65,-78,1,1,1,1
608,506238,289,7018,-7388,-81,84,-24,-60,0,1,1,1
609,507072,-1264,6676,-5456,-44,19,20,-40,-1,1,1,1
610,507906,-2800,5942,-3175,-34,-47,61,-16,-2,1,1,1
611,508740,-4146,4941,-764,30,-111,100,8,-3,1,1,1
612,509574,-5560,3699,1863,2,-170,133,32,-4,1,1,1
613,510408,-6316,2042,4331,58,-217,164,49,-4,1,1,1
614,511242,-6747,277,6512,42,-255,185,64,-6,1,1,1
615,512076,-6657,-1593,8330,80,-280,194,79,-7,1,1,1
616,512910,-6174,-3345,9606,86,-288,193,88,-7,1,1,1
617,513744,-5347,-4830,10272,96,-274,176,93,-5,1,1,1
618,514578,-3880,-5911,9891,100,-242,148,90,-4,1,1,1
619,515412,-2183,-6696,8974,95,-194,110,79,-5,1,1,1
620,516246,-417,-6965,7463,82,-132,65,64,-3,1,1,1
621,517080,1173,-6555,5439,58,-62,16,42,-4,1,1,1
622,517914,2665,-5750,3120,36,8,-26,15,-3,1,1,1
623,518748,3901,-4574,668,-5,76,-65,-10,1,1,1,1
624,519582,5349,-3422,-1935,-7,134,-103,-31,0,1,1,1
625,520416,6156,-1825,-4369,-37,182,-130,-51,0,1,1,1
626,521250,6622,-167,-6495,-41,221,-151,-67,3,1,1,1
627,522084,6435,1734,-8240,-71,243,-160,-78,5,1,1,1
628,522918,5950,3439,-9472,-83,251,-158,-88,5,1,1,1
629,523752,5167,4909,-10174,-98,238,-143,-93,2,1,1,1
630,524586,3782,5916,-9790,-91,208,-115,-89,4,1,1,1
631,525420,2095,6719,-8916,-101,161,-76,-79,6,1,1,1
632,526254,382,6965,-7419,-73,98,-35,-64,-2,1,1,1
633,527088,-1167,6517,-5412,-62,33,9,-41,0,1,1,1
634,527922,-2635,5743,-3142,-35,-37,51,-17,-3,1,1,1
635,528756,-3986,4718,-722,10,-101,90,8,-2,1,1,1
636,529590,-5426,3582,1847,2,-159,126,30,-4,1,1,1
637,530424,-6236,1992,4281,36,-207,154,49,-4,1,1,1
638,531258,-6649,260,6424,36,-244,173,66,-5,1,1,1
639,532092,-6470,-1644,8178,63,-266,183,79,-4,1,1,1
640,532926,-5985,-3405,9466,77,-275,179,88,-8,1,1,1
641,533760,-5235,-4840,10164,88,-264,163,92,-9,1,1,1
642,534594,-3845,-5818,9747,84,-232,135,91,-6,1,1,1
643,535428,-2109,-6633,8842,100,-183,98,81,-4,0,1,1
644,536262,-415,-6918,7404,71,-122,52,64,-5,0,1,1
645,537096,1148,-6458,5376,66,-53,5,43,-5,0,1,1
646,537930,2614,-5668,3088,34,18,-36,18,0,0,1,1
647,538764,3866,-4497,631,1,85,-74,-8,2,0,1,1
648,539598,5289,-3358,-1933,-2,141,-110,-32,-1,0,1,1
649,540432,6073,-1765,-4340,-32,189,-140,-49,0,0,1,1
650,541266,6530,-139,-6414,-24,226,-159,-65,2,0,1,1
651,542100,6300,1777,-8139,-62,252,-168,-80,4,0,1,1
652,542934,5837,3471,-9379,-70,258,-168,-88,1,0,1,1
653,543768,5094,4905,-10087,-88,248,-150,-93,5,0,1,1
654,544602,3746,5857,-9679,-76,215,-126,-90,-1,0,1,1
655,545436,2051,6655,-8805,-99,168,-87,-81,0,0,1,1
656,546270,376,6920,-7358,-62,108,-43,-65,0,0,1,1
657,547104,-1174,6448,-5337,-64,40,0,-42,-2,0,1,1
658,547938,-2646,5684,-3075,-36,-28,43,-17,-2,0,1,1
659,548772,-3897,4561,-659,5,-93,83,10,-1,0,1,1
660,549606,-5324,3432,1889,-3,-151,116,31,-4,0,1,1
661,550440,-6076,1851,4263,38,-200,144,50,-6,0,1,1
662,551274,-6527,191,6363,27,-237,167,67,-3,0,1,1
663,552108,-6328,-1719,8111,65,-261,174,81,-6,0,1,1
664,552942,-5860,-3476,9404,68,-268,171,91,-7,0,1,1
665,553776,-5137,-4876,10096,82,-255,156,92,-6,0,1,1
666,554610,-3765,-5810,9655,80,-225,127,90,-8,0,1,1
667,555444,-2084,-6584,8762,94,-176,90,80,-6,0,1,1
668,556278,-400,-6861,7324,64,-114,44,66,-5,0,1,1
669,557112,1163,-6414,5314,63,-47,2,42,-3,0,1,1
670,557946,2651,-5642,3023,31,23,-41,18,1,0,1,1
671,558780,3857,-4445,593,6,89,-80,-9,-1,0,1,1
672,559614,5248,-3286,-1966,-4,147,-116,-31,0,0,1,1
673,560448,6030,-1743,-4312,-25,194,-143,-48,3,0,1,1
674,561282,6486,-134,-6379,-26,232,-164,-66,2,0,1,1
675,562116,6253,1780,-8090,-57,255,-173,-81,2,0,1,1
676,562950,5787,3504,-9360,-68,262,-168,-88,6,0,1,1
677,563784,5061,4919,-10061,-81,250,-155,-93,2,0,1,1
678,564618,3694,5847,-9615,-75,218,-127,-92,-1,0,1,1
679,565452,2021,6610,-8727,-96,172,-90,-81,1,0,1,1
680,566286,360,6872,-7298,-66,112,-47,-64,1,0,1,1
681,567120,-1218,6418,-5267,-67,42,-3,-40,-1,0,1,1
682,567954,-2664,5629,-3005,-39,-26,39,-16,-3,0,1,1
683,568788,-3894,4477,-585,-2,-91,78,10,-3,0,1,1
684,569622,-5227,3298,1932,2,-147,113,31,-4,0,1,1
685,570456,-6003,1769,4261,27,-196,142,51,-3,0,1,1
686,571290,-6445,128,6348,31,-233,162,68,-3,0,1,1
687,572124,-6256,-1765,8074,54,-257,172,81,-3,0,1,1
688,572958,-5774,-3528,9373,71,-264,167,90,-7,0,1,1
689,573792,-5081,-4899,10059,79,-251,152,93,-5,0,1,1
690,574626,-3703,-5821,9603,79,-220,124,91,-5,0,1,1
691,575460,-2014,-6580,8693,99,-171,87,82,-2,0,1,1
692,576294,-351,-6862,7283,69,-111,43,65,-2,0,1,1
693,577128,1215,-6399,5250,67,-43,-2,44,-2,0,1,1
694,577962,2670,-5607,2974,37,26,-44,17,-1,0,1,1
695,578796,3866,-4389,531,8,91,-82,-9,0,0,1,1
696,579630,5193,-3200,-1992,1,149,-118,-31,0,0,1,1
697,580464,5952,-1658,-4320,-26,198,-146,-50,2,0,1,1
698,581298,6423,-79,-6369,-25,237,-166,-67,4,0,1,1
699,582132,6211,1800,-8069,-59,257,-174,-82,1,0,1,1
700,582966,5738,3529,-9334,-68,264,-172,-89,3,0,1,1
701,583800,5032,4922,-10039,-85,252,-156,-95,1,0,1,1
702,584634,3642,5844,-9564,-78,221,-127,-92,2,0,1,1
703,585468,1991,6585,-8675,-99,173,-92,-82,-1,0,1,1
704,586302,325,6852,-7246,-70,113,-47,-63,2,0,1,1
705,587136,-1216,6363,-5211,-64,45,-2,-42,1,0,1,1
706,587970,-2681,5588,-2950,-42,-23,38,-17,-2,0,1,1
707,588804,-3873,4412,-543,-4,-91,78,8,-5,0,1,1
708,589638,-5207,3221,1976,-10,-147,113,32,-3,0,1,1
709,590472,-5946,1691,4285,30,-197,140,52,-5,0,1,1
710,591306,-6390,67,6352,29,-232,159,69,-4,0,1,1
711,592140,-6216,-1791,8065,57,-257,168,82,-7,0,1,1
712,592974,-5734,-3546,9353,73,-263,168,90,-5,0,1,1
713,593808,-5042,-4908,10035,86,-251,149,95,-7,0,1,1
714,594642,-3655,-5820,9559,84,-217,120,90,-6,0,1,1
715,595476,-1967,-6583,8651,101,-169,84,83,-2,0,1,1
716,596310,-315,-6850,7238,73,-107,40,64,-4,0,1,1
717,597144,1234,-6357,5192,69,-41,-5,42,-4,0,1,1
718,597978,2678,-5556,2924,45,28,-46,15,-3,0,1,1
719,598812,3873,-4363,498,9,94,-85,-9,0,0,1,1
720,599646,5177,-3152,-2024,1,150,-120,-31,-1,0,1,1
721,600480,5935,-1633,-4325,-23,202,-148,-52,3,0,1,1
722,601314,6394,-45,-6378,-29,238,-167,-69,3,0,1,1
723,602148,6196,1803,-8054,-56,263,-176,-81,6,0,1,1
724,602982,5706,3551,-9329,-73,265,-174,-90,2,0,1,1
725,603816,5006,4925,-10013,-83,255,-155,-94,5,0,1,1
726,604650,3609,5850,-9541,-82,222,-127,-91,4,0,1,1
727,605484,1954,6581,-8632,-98,172,-91,-83,-2,0,1,1
728,606318,307,6825,-7206,-74,113,-47,-66,0,0,1,1
729,607152,-1239,6328,-5158,-69,44,-1,-42,1,0,1,1
730,607986,-2693,5547,-2896,-42,-24,39,-15,0,0,1,1
731,608820,-3879,4359,-484,-4,-89,77,9,-3,0,1,1
732,609654,-5168,3154,2008,-5,-149,112,33,-4,0,1,1
733,610488,-5899,1629,4295,24,-197,140,51,-7,0,1,1
734,611322,-6345,5,6367,27,-235,160,70,-6,0,1,1
735,612156,-6170,-1841,8064,52,-255,168,83,-5,0,1,1
736,612990,-5682,-3592,9346,72,-263,163,93,-7,0,1,1
737,613824,-4999,-4934,10017,84,-250,148,95,-7,0,1,1
738,614658,-3577,-5859,9521,84,-218,119,92,-7,0,1,1
739,615492,-1922,-6585,8609,102,-169,82,82,-5,0,1,1
740,616326,-296,-6831,7203,76,-107,37,66,-4,0,1,1
741,617160,1244,-6321,5145,69,-39,-6,41,-4,0,1,1
742,617994,2691,-5515,2868,44,31,-46,16,1,0,1,1
743,618828,3889,-4327,448,10,95,-85,-11,-2,0,1,1
744,619662,5184,-3131,-2051,3,154,-121,-32,1,0,1,1
745,620496,5908,-1589,-4343,-24,203,-147,-51,5,0,1,1
746,621330,6352,5,-6384,-27,240,-168,-68,4,0,1,1
747,622164,6144,1858,-8057,-55,261,-175,-84,3,0,1,1
748,622998,5659,3587,-9319,-73,268,-170,-92,5,0,1,1
749,623832,4972,4944,-9997,-81,254,-155,-97,2,0,1,1
750,624666,3548,5869,-9502,-85,222,-125,-94,3,0,1,1
751,625500,1914,6582,-8598,-102,174,-88,-83,3,0,1,1
752,626334,278,6811,-7163,-74,114,-44,-65,4,0,1,1
753,627168,-1255,6295,-5112,-71,44,-2,-42,0,0,1,1
754,628002,-2707,5491,-2827,-43,-25,41,-15,1,0,1,1
755,628836,-3899,4325,-433,-8,-90,78,10,-2,0,1,1
756,629670,-5173,3130,2038,-5,-148,112,34,-2,0,1,1
757,630504,-5899,1611,4311,22,-198,139,52,-7,0,1,1
758,631338,-6321,-29,6377,28,-234,159,72,-4,0,1,1
759,632172,-6146,-1871,8072,54,-257,167,85,-5,0,1,1
760,633006,-5649,-3629,9351,73,-261,163,94,-3,0,1,1
761,633840,-4982,-4950,10014,82,-248,145,98,-5,0,1,1
762,634674,-3565,-5872,9521,84,-215,116,93,-6,0,1,1
763,635508,-1915,-6585,8595,95,-165,81,83,-2,0,1,1
764,636342,-279,-6810,7166,77,-103,36,65,-2,0,1,1
765,637176,1262,-6288,5095,69,-35,-8,43,-1,0,1,1
766,638010,2714,-5489,2820,44,35,-51,14,-1,0,1,1
767,638844,3913,-4287,382,8,101,-90,-13,-2,0,1,1
768,639678,5204,-3112,-2086,5,157,-122,-34,1,0,1,1
769,640512,5936,-1584,-4375,-23,207,-150,-53,3,0,1,1
770,641346,6366,25,-6418,-26,242,-169,-73,1,0,1,1
771,642180,6154,1878,-8087,-55,262,-175,-87,1,0,1,1
772,643014,5657,3611,-9341,-73,268,-172,-94,3,0,1,1
773,643848,4961,4946,-9988,-81,255,-154,-98,3,0,1,1
774,644682,3541,5876,-9500,-82,224,-124,-93,6,0,1,1
775,645516,1893,6593,-8586,-100,171,-88,-83,0,0,1,1
776,646350,256,6799,-7130,-75,109,-44,-66,-1,0,1,1
777,647184,-1291,6269,-5046,-68,42,1,-40,2,0,1,1
778,648018,-2720,5450,-2770,-39,-26,43,-15,1,0,1,1
779,648852,-3916,4289,-377,-5,-92,79,11,-2,0,1,1
780,649686,-5157,3078,2079,0,-151,115,34,-2,0,1,1
781,650520,-5880,1554,4350,24,-200,139,56,-5,0,1,1
782,651354,-6308,-78,6417,31,-237,160,72,-6,0,1,1
783,652188,-6115,-1937,8108,57,-259,165,86,-8,0,1,1
784,653022,-5622,-3669,9364,74,-265,162,96,-6,0,1,1
785,653856,-4936,-4982,9999,81,-250,147,98,-4,0,1,1
786,654690,-3496,-5904,9489,89,-214,117,93,-4,0,1,1
787,655524,-1879,-6601,8577,97,-168,78,84,-6,0,1,1
788,656358,-235,-6818,7131,78,-104,34,65,-6,0,1,1
789,657192,1297,-6263,5039,73,-35,-8,42,-1,0,1,1
790,658026,2737,-5444,2756,49,35,-50,15,1,0,1,1
791,658860,3929,-4255,345,19,101,-87,-12,2,0,1,1
792,659694,5297,-2938,-1811,547,157,-123,-32,2,0,1,1
793,660528,5960,-1501,-4029,430,205,-150,-49,6,0,1,1
794,661362,6420,180,-6074,526,242,-167,-63,13,0,1,1
795,662196,6191,1972,-7814,348,262,-174,-74,13,0,1,1
796,663030,5686,3736,-9146,275,267,-168,-82,17,0,1,1
797,663864,4903,4999,-9850,51,251,-151,-83,17,0,1,1
798,664698,3448,5918,-9455,-89,217,-123,-78,16,0,1,1
799,665532,1811,6545,-8612,-256,166,-83,-70,13,0,1,1
800,666366,51,6311,-7328,-966,104,-44,-52,8,0,1,1
801,667200,-2149,4097,-5967,-4019,37,-22,-31,-16,0,1,1
802,668034,-1146,3283,-2661,-524,-2,-15,-5,-22,0,1,1
803,668868,770,3211,-299,3682,-8,-10,12,-6,0,1,1
804,669702,-3022,1389,717,-915,-10,-7,15,-1,0,1,1
805,670536,-2333,794,2064,526,-11,0,11,-1,0,1,1
806,671370,-4813,-243,4825,-232,-11,8,5,1,0,1,1
807,672204,-4304,-1927,6333,102,-14,12,-1,-3,0,1,1
808,673038,-5270,-3132,8538,137,-12,18,-7,0,0,1,1
809,673872,-4842,-4330,9213,41,-12,21,-10,-1,0,1,1
810,674706,-4798,-4399,9350,153,-12,25,-15,-2,0,1,1
811,675540,-3997,-4748,8778,33,-7,24,-17,0,0,1,1
812,676374,-3086,-4698,7902,118,-4,22,-19,0,0,1,1
813,677208,-1739,-4681,6493,73,1,20,-18,3,0,1,1
814,678042,-742,-3876,4664,47,4,14,-17,1,0,1,1
815,678876,722,-2991,2314,44,7,9,-17,-1,0,1,1
816,679710,1946,-1725,-231,-10,10,3,-10,3,0,1,1
817,680544,3325,-673,-2663,-11,11,-5,-5,1,0,1,1
818,681378,4113,541,-4699,-45,13,-11,1,3,0,1,1
819,682212,4720,1726,-6504,-58,13,-17,6,3,0,1,1
820,683046,4894,3011,-7988,-84,14,-21,10,3,0,1,1
821,683880,4895,3960,-8989,-135,13,-28,16,2,0,1,1
822,684714,4708,4467,-9292,-117,9,-27,20,2,0,1,1
823,685548,4115,4666,-8906,-124,7,-30,24,1,0,1,1
824,686382,2968,4776,-7877,-133,2,-29,25,-1,0,1,1
825,687216,1864,4436,-6419,-119,-1,-24,24,-1,0,1,1
826,688050,645,3858,-4591,-88,-4,-20,22,-2,0,1,1
827,688884,-639,2962,-2388,-66,-5,-15,19,-1,0,1,1
828,689718,-1988,1840,129,-19,-7,-8,16,1,0,1,1
829,690552,-3239,667,2556,-16,-10,-1,8,-3,0,1,1
830,691386,-4117,-498,4650,36,-10,5,3,-2,0,1,1
831,692220,-4739,-1792,6561,30,-11,11,-3,-3,0,1,1
832,693054,-4888,-3015,8004,101,-9,17,-8,0,0,1,1
833,693888,-4911,-3975,9020,133,-7,22,-13,1,0,1,1
834,694722,-4754,-4461,9339,124,-7,25,-18,-1,0,1,1
835,695556,-4144,-4621,8904,139,-4,27,-21,1,0,1,1
836,696390,-2989,-4771,7902,142,-1,22,-22,0,0,1,1
837,697224,-1930,-4384,6465,151,3,22,-20,4,0,1,1
838,698058,-748,-3821,4658,89,5,17,-19,2,0,1,1
839,698892,532,-2924,2479,87,6,11,-16,1,0,1,1
840,699726,1928,-1861,-42,25,10,4,-11,3,0,1,1
841,700560,3173,-655,-2493,25,9,-3,-4,2,0,1,1
842,701394,4036,490,-4574,-49,10,-8,1,3,0,1,1
843,702228,4645,1771,-6444,-28,12,-15,8,5,0,1,1
844,703062,4860,2956,-7924,-108,9,-21,12,-1,0,1,1
845,703896,4884,3911,-8927,-132,9,-26,17,0,0,1,1
846,704730,4731,4318,-9199,-150,6,-26,20,0,0,1,1
847,705564,4140,4517,-8792,-134,3,-29,23,-3,0,1,1
848,706398,2994,4668,-7833,-171,2,-27,26,1,0,1,1
849,707232,1941,4327,-6411,-143,0,-24,25,0,0,1,1
850,708066,750,3757,-4628,-121,-4,-20,22,-1,0,1,1
851,708900,-565,2901,-2423,-87,-6,-14,19,-1,0,1,1
852,709734,-1976,1873,56,-47,-6,-8,15,1,0,1,1
853,710568,-3193,677,2478,-38,-9,-1,8,-2,0,1,1
854,711402,-4061,-450,4542,31,-6,6,2,1,0,1,1
855,712236,-4656,-1772,6446,18,-7,11,-5,-1,0,1,1
856,713070,-4866,-2948,7915,101,-9,17,-9,0,0,1,1
857,713904,-4917,-3933,8972,121,-7,22,-13,3,0,1,1
858,714738,-4800,-4296,9238,141,-5,25,-18,3,0,1,1
859,715572,-4212,-4482,8819,124,-3,26,-21,1,0,1,1
860,716406,-3044,-4656,7869,170,1,23,-23,2,0,1,1
861,717240,-1979,-4337,6466,150,3,20,-22,1,0,1,1
862,718074,-818,-3744,4681,119,4,17,-22,-1,0,1,1
863,718908,497,-2875,2471,94,7,12,-17,2,0,1,1
864,719742,1916,-1859,-9,48,7,6,-12,1,0,1,1
865,720576,3175,-687,-2446,42,9,-3,-4,1,0,1,1
866,721410,4031,463,-4531,-36,9,-8,1,2,0,1,1
867,722244,4635,1765,-6415,-15,7,-15,6,-2,0,1,1
868,723078,4815,2961,-7881,-105,8,-21,12,-2,0,1,1
869,723912,4844,3932,-8898,-121,8,-25,18,0,0,1,1
870,724746,4740,4300,-9185,-144,5,-29,21,-2,0,1,1
871,725580,4164,4474,-8761,-123,2,-27,22,-4,0,1,1
872,726414,3004,4639,-7813,-171,-1,-27,25,-3,0,1,1
873,727248,1936,4313,-6394,-146,-2,-24,26,0,0,1,1
874,728082,778,3718,-4619,-123,-4,-22,25,-1,0,1,1
875,728916,-555,2862,-2405,-97,-7,-15,20,-2,0,1,1
876,729750,-1964,1867,44,-53,-6,-9,13,-2,0,1,1
877,730584,-3177,698,2430,-49,-6,-2,7,-1,0,1,1
878,731418,-4012,-455,4491,24,-6,6,2,1,0,1,1
879,732252,-4633,-1763,6405,9,-6,11,-5,0,0,1,1
880,733086,-4842,-2955,7894,97,-7,17,-10,0,0,1,1
881,733920,-4938,-3902,8944,105,-4,19,-16,-1,0,1,1
882,734754,-4794,-4293,9222,135,-3,22,-19,-1,0,1,1
883,735588,-4205,-4474,8796,116,-1,24,-22,2,0,1,1
884,736422,-3030,-4644,7843,170,2,23,-24,2,0,1,1
885,737256,-2002,-4293,6437,143,4,21,-23,3,0,1,1
886,738090,-837,-3680,4637,120,5,17,-20,2,0,1,1
887,738924,485,-2809,2417,93,8,12,-18,1,0,1,1
888,739758,1891,-1824,-16,52,7,7,-11,2,0,1,1
889,740592,3110,-623,-2442,45,7,-2,-6,0,0,1,1
890,741426,3957,525,-4511,-30,9,-6,0,3,0,1,1
891,742260,4585,1812,-6408,-11,9,-14,6,1,0,1,1
892,743094,4789,2979,-7868,-100,8,-19,12,1,0,1,1
893,743928,4868,3925,-8908,-114,6,-25,16,-3,0,1,1
894,744762,4759,4292,-9184,-133,4,-25,22,1,0,1,1
895,745596,4197,4463,-8776,-116,3,-28,24,-1,0,1,1
896,746430,3013,4638,-7815,-165,0,-28,27,-1,0,1,1
897,747264,1948,4311,-6395,-136,-1,-24,27,2,0,1,1
898,748098,775,3699,-4596,-123,-4,-21,25,1,0,1,1
899,748932,-532,2821,-2376,-87,-4,-14,19,1,0,1,1
900,749766,-1932,1817,64,-51,-6,-10,14,-2,0,1,1
901,750600,-3120,629,2452,-39,-7,-3,7,-3,0,1,1
902,751434,-3975,-512,4507,21,-7,3,1,-3,0,1,1
903,752268,-4597,-1807,6412,8,-5,11,-7,-1,0,1,1
904,753102,-4824,-2974,7897,99,-4,16,-11,1,0,1,1
905,753936,-4886,-3939,8929,104,-5,22,-16,1,0,1,1
906,754770,-4798,-4295,9228,135,-3,22,-20,-2,0,1,1
907,755604,-4234,-4463,8804,107,0,23,-22,1,0,1,1
908,756438,-3072,-4604,7843,167,2,24,-25,1,0,1,1
909,757272,-1998,-4267,6403,138,3,22,-23,2,0,1,1
910,758106,-855,-3659,4635,120,6,17,-22,1,0,1,1
911,758940,480,-2783,2389,86,7,13,-19,2,0,1,1
912,759774,1897,-1770,-79,48,7,5,-12,-1,0,1,1
913,760608,3140,-615,-2480,45,8,0,-6,2,0,1,1
914,761442,3967,505,-4502,-30,6,-7,0,-1,0,1,1
915,762276,4599,1791,-6395,-5,7,-12,6,1,0,1,1
916,763110,4798,2981,-7876,-97,7,-19,13,1,0,1,1
917,763944,4880,3944,-8933,-110,6,-23,17,0,0,1,1
918,764778,4778,4318,-9228,-131,3,-25,21,-1,0,1,1
919,765612,4203,4483,-8798,-112,2,-26,24,0,0,1,1
920,766446,3003,4650,-7815,-162,0,-26,25,-1,0,1,1
921,767280,1957,4283,-6375,-136,-3,-23,26,0,0,1,1
922,768114,774,3683,-4576,-118,-4,-20,25,0,0,1,1
923,768948,-535,2787,-2340,-88,-5,-14,19,-1,0,1,1
924,769782,-1934,1781,105,-48,-5,-9,14,0,0,1,1
925,770616,-3126,607,2476,-43,-5,-2,7,0,0,1,1
926,771450,-3955,-512,4493,27,-6,4,2,-1,0,1,1
927,772284,-4593,-1793,6392,6,-5,11,-4,2,0,1,1
928,773118,-4805,-2979,7879,95,-5,15,-11,-2,0,1,1
929,773952,-4903,-3943,8955,108,-3,20,-15,1,0,1,1
930,774786,-4835,-4297,9261,128,-3,25,-20,2,0,1,1
931,775620,-4272,-4443,8830,114,-1,23,-22,0,0,1,1
932,776454,-3089,-4591,7842,163,2,22,-23,2,0,1,1
933,777288,-2007,-4242,6389,140,4,21,-24,1,0,1,1
934,778122,-841,-3637,4601,122,4,15,-20,-1,0,1,1
935,778956,480,-2761,2372,91,8,14,-18,4,0,1,1
936,779790,1895,-1768,-73,54,5,7,-13,0,0,1,1
937,780624,3132,-576,-2510,46,7,1,-7,0,0,1,1
938,781458,3965,546,-4540,-29,5,-7,0,-1,0,1,1
939,782292,4573,1827,-6406,-7,7,-13,6,0,0,1,1
940,783126,4772,3000,-7872,-99,6,-19,12,-2,0,1,1
941,783960,4853,3963,-8925,-108,3,-22,18,-1,0,1,1
942,784794,4790,4341,-9267,-136,3,-26,21,-2,0,1,1
943,785628,4250,4490,-8851,-111,2,-26,24,0,0,1,1
944,786462,3043,4614,-7817,-160,0,-26,25,-1,0,1,1
945,787296,1949,4249,-6334,-136,-2,-24,25,0,0,1,1
946,788130,786,3664,-4571,-121,-4,-20,22,-2,0,1,1
947,788964,-517,2767,-2339,-89,-8,-15,19,-3,0,1,1
948,789798,-1938,1791,99,-49,-5,-10,15,0,0,1,1
949,790632,-3126,567,2515,-44,-5,-5,7,-2,0,1,1
950,791466,-3936,-543,4511,32,-5,2,2,-1,0,1,1
951,792300,-4573,-1812,6386,1,-7,11,-7,-3,0,1,1
952,793134,-4801,-2982,7883,100,-5,14,-10,-1,0,1,1
953,793968,-4888,-3966,8960,106,-4,20,-16,0,0,1,1
954,794802,-4828,-4344,9310,138,-2,21,-20,-1,0,1,1
955,795636,-4274,-4483,8871,113,-2,23,-23,-2,0,1,1
956,796470,-3083,-4601,7847,164,2,21,-23,-1,0,1,1
957,797304,-1986,-4224,6350,140,4,22,-23,2,0,1,1
958,798138,-836,-3625,4579,119,6,18,-22,2,0,1,1
959,798972,485,-2757,2366,94,7,13,-17,2,0,1,1
960,799806,1900,-1753,-97,51,7,7,-12,2,0,1,1
961,800640,3119,-543,-2530,46,7,1,-7,1,0,1,1
962,801474,3945,592,-4565,-28,6,-6,1,1,0,1,1
963,802308,4581,1820,-6412,-12,6,-12,7,1,0,1,1
964,803142,4793,2992,-7875,-91,5,-19,13,-1,0,1,1
965,803976,4882,3956,-8949,-112,5,-22,17,0,0,1,1
966,804810,4840,4343,-9314,-131,2,-23,21,0,0,1,1
967,805644,4287,4492,-8897,-118,1,-27,24,-1,0,1,1
968,806478,3081,4603,-7839,-156,-1,-26,25,-1,0,1,1
969,807312,1968,4222,-6334,-145,-4,-24,23,-4,0,1,1
970,808146,815,3624,-4552,-113,-5,-19,22,-2,0,1,1
971,808980,-534,2771,-2328,-91,-6,-14,19,-1,0,1,1
972,809814,-1932,1771,117,-44,-6,-8,15,1,0,1,1
973,810648,-3155,590,2514,-51,-6,-4,6,-3,0,1,1
974,811482,-3931,-569,4533,33,-5,3,0,-2,0,1,1
975,812316,-4607,-1801,6409,2,-4,9,-5,0,0,1,1
976,813150,-4817,-2967,7878,95,-2,15,-13,-1,0,1,1
977,813984,-4914,-3947,8971,110,-2,19,-17,1,0,1,1
978,814818,-4833,-4349,9320,138,-1,22,-20,1,0,1,1
979,815652,-4301,-4495,8908,112,1,23,-22,2,0,1,1
980,816486,-3083,-4601,7850,166,5,20,-23,2,0,1,1
981,817320,-1998,-4205,6347,145,4,19,-24,0,0,1,1
982,818154,-801,-3594,4523,128,4,17,-23,-1,0,1,1
983,818988,478,-2730,2338,86,6,13,-18,1,0,1,1
984,819822,1880,-1720,-102,58,7,7,-15,0,0,1,1
985,820656,3108,-535,-2531,42,5,2,-7,0,0,1,1
986,821490,3974,577,-4580,-30,4,-4,0,0,0,1,1
987,822324,4605,1824,-6439,-10,5,-9,6,1,0,1,1
988,823158,4806,2979,-7890,-105,2,-16,13,0,0,1,1
989,823992,4885,3921,-8920,-114,3,-20,18,1,0,1,1
990,824826,4824,4303,-9266,-138,0,-22,22,0,0,1,1
991,825660,4308,4437,-8835,-90,-1,-24,24,-1,0,1,1
992,826494,3107,4532,-7800,-160,-4,-24,27,-1,0,1,1
993,827328,2018,4170,-6317,-129,-6,-22,26,-1,0,1,1
994,828162,839,3602,-4555,-114,-7,-18,23,-2,0,1,1
995,828996,-707,3175,-2310,158,-4,-18,19,-3,0,1,1
996,829830,-3376,2356,72,-947,-2,-15,13,-4,0,1,1
997,830664,-1781,165,2533,917,0,-9,7,-3,0,1,1
998,831498,-4762,-283,4647,-399,0,-5,1,-4,0,1,1
999,832332,-3608,-2420,6178,150,4,1,-6,-1,0,1,1
1000,833166,-5467,-2395,7925,63,7,5,-12,1,0,1,1
1001,834000,-4790,-4150,9053,113,8,10,-16,2,0,1,1
1002,834834,-4875,-4137,9251,239,9,13,-23,-1,0,1,1
1003,835668,-4164,-4560,8776,51,8,15,-26,-2,0,1,1
1004,836502,-3330,-4339,7809,141,10,16,-26,1,0,1,1
1005,837336,-1970,-4178,6370,221,8,15,-27,-4,0,1,1
1006,838170,-1198,-3325,4518,-6,8,15,-22,1,0,1,1
1007,839004,1568,-3714,2235,89,1,18,-18,1,0,1,1
1008,839838,7902,-7430,-390,82,-10,24,-13,1,0,1,1
1009,840672,9727,-6716,-2822,190,-19,24,-5,0,0,1,1
1010,841506,10104,-5127,-4845,131,-26,22,0,-4,0,1,1
1011,842340,7397,-488,-6780,130,-26,16,6,-4,0,1,1
1012,843174,6993,802,-7894,-99,-26,12,13,-2,0,1,1
1013,844008,6277,2711,-9062,-74,-26,8,18,1,0,1,1
1014,844842,4675,4491,-9229,-63,-23,3,21,1,0,1,1
1015,845676,1222,6788,-8225,-215,-18,-8,22,-3,0,1,1
1016,846510,-933,8186,-7400,-147,-14,-12,25,-1,0,1,1
1017,847344,-2835,8949,-6218,-104,-8,-19,23,-4,0,1,1
1018,848178,-4271,8697,-4592,-167,-1,-21,21,0,0,1,1
1019,849012,-6051,8041,-2090,-100,7,-26,17,-2,0,1,1
1020,849846,-7933,7372,369,-192,14,-28,13,-1,0,1,1
1021,850680,-9024,6086,2821,-117,19,-26,6,-1,0,1,1
1022,851514,-9384,4372,4887,-125,25,-24,-2,-1,0,1,1
1023,852348,-8635,1934,6628,-73,28,-20,-8,-1,0,1,1
1024,853182,-7748,-377,8114,-10,30,-14,-13,2,0,1,1
1025,854016,-6406,-2812,9221,3,26,-8,-18,0,0,1,1
1026,854850,-4585,-4842,9487,60,24,-1,-20,3,0,1,1
1027,855684,-2103,-6519,8736,114,19,4,-23,0,0,1,1
1028,856518,381,-7966,7709,124,12,10,-23,-1,0,1,1
1029,857352,2806,-9002,6319,123,7,14,-22,-1,0,1,1
1030,858186,4902,-8993,4227,135,1,18,-18,2,0,1,1
1031,859020,6579,-8376,1928,131,-5,20,-15,0,0,1,1
1032,859854,7950,-7278,-543,129,-12,21,-9,0,0,1,1
1033,860688,8903,-5771,-3001,130,-18,21,-5,-2,0,1,1
1034,861522,9053,-3715,-5220,118,-20,18,3,2,0,1,1
1035,862356,8481,-1314,-6897,270,-22,14,8,0,0,1,1
1036,863190,7245,1036,-8377,-97,-24,8,12,-4,0,1,1
1037,864024,5991,3067,-9191,-133,-24,5,17,-2,0,1,1
1038,864858,4001,4973,-9082,-108,-20,0,21,1,0,1,1
1039,865692,1533,6767,-8457,-156,-19,-5,22,-2,0,1,1
1040,866526,-842,8187,-7524,-179,-13,-12,21,-3,0,1,1
1041,867360,-2795,9077,-6260,22,-5,-16,22,0,0,1,1
1042,868194,-4578,8877,-4424,-125,1,-20,21,2,0,1,1
1043,869028,-6499,8456,-2026,-70,6,-22,15,-1,0,1,1
1044,869862,-8192,7593,487,-113,14,-24,11,2,0,1,1
1045,870696,-9265,6203,2960,-102,19,-22,4,1,0,1,1
1046,871530,-9309,4175,5077,-57,21,-19,-3,-2,0,1,1
1047,872364,-8615,1760,6787,-68,26,-17,-8,2,0,1,1
1048,873198,-7620,-639,8276,17,25,-12,-12,1,0,1,1
1049,874032,-6312,-3059,9384,13,26,-6,-16,4,0,1,1
1050,874866,-4486,-5012,9564,65,22,0,-18,4,0,1,1
1051,875700,-2038,-6652,8780,90,17,5,-22,1,0,1,1
1052,876534,437,-8088,7746,95,14,10,-22,2,0,1,1
1053,877368,2999,-9213,6302,88,7,15,-20,2,0,1,1
1054,878202,5135,-9288,4251,98,-1,18,-18,-1,0,1,1
1055,879036,6839,-8614,1862,87,-7,21,-13,1,0,1,1
1056,879870,8237,-7514,-632,91,-12,20,-9,-1,0,1,1
1057,880681,9214,-5994,-3107,113,-17,19,-3,-1,0,1,1
1058,881492,9225,-3865,-5272,88,-20,18,2,0,0,1,1
1059,882303,8626,-1403,-6967,257,-23,13,7,-4,0,1,1
1060,883114,7403,982,-8477,-92,-25,10,12,-3,0,1,1
1061,883925,6249,2934,-9330,-147,-23,5,16,-3,0,1,1
1062,884736,4481,4710,-9270,-79,-20,0,20,0,0,1,1
1063,885547,2011,6506,-8666,-149,-17,-5,20,-2,0,1,1
1064,886358,-496,8059,-7731,-168,-10,-12,22,0,0,1,1
1065,887169,-2452,9059,-6575,31,-7,-15,19,-2,0,1,1
1066,887980,-4167,9071,-5002,-98,0,-20,19,0,0,1,1
1067,888791,-6001,8644,-2649,-6,6,-21,15,0,0,1,1
1068,889602,-7866,7945,-208,-129,12,-23,11,-1,0,1,1
1069,890413,-9115,6738,2324,-53,17,-22,7,1,0,1,1
1070,891224,-9469,4915,4479,-76,20,-20,-2,-3,0,1,1
1071,892035,-8920,2557,6317,-46,25,-18,-7,0,0,1,1
1072,892846,-8077,214,7869,6,23,-13,-11,0,0,1,1
1073,893657,-6962,-2172,9148,14,23,-6,-16,1,0,1,1
1074,894468,-5421,-4328,9804,55,21,-3,-19,0,0,1,1
1075,895279,-3196,-6029,9286,61,17,4,-19,2,0,1,1
1076,896090,-753,-7541,8391,96,11,11,-22,0,0,1,1
1077,896901,1754,-8893,7217,78,7,13,-20,-1,0,1,1
1078,897712,4133,-9625,5571,79,2,17,-18,1,0,1,1
1079,898523,6083,-9224,3234,92,-5,20,-15,0,0,1,1
1080,899334,7537,-8382,901,55,-11,20,-11,-2,0,1,1
1081,900145,8866,-7162,-1605,99,-15,21,-6,0,0,1,1
1082,900956,9552,-5496,-3973,83,-18,19,-1,0,0,1,1
1083,901767,9313,-3173,-6011,129,-21,14,3,-4,0,1,1
1084,902578,8428,-627,-7598,204,-22,11,9,-2,0,1,1
1085,903389,7179,1597,-8960,-184,-21,9,13,2,0,1,1
1086,904200,5958,3445,-9503,-100,-23,3,17,-3,0,1,1
1087,905011,3815,5319,-9230,-96,-18,-2,19,-1,0,1,1
1088,905822,1226,7134,-8536,-176,-15,-8,21,-2,0,1,1
1089,906633,-1150,8562,-7516,-104,-9,-13,19,-3,0,1,1
1090,907444,-3004,9271,-6250,17,-3,-16,19,0,0,1,1
1091,908255,-4701,8920,-4293,-73,3,-18,15,-1,0,1,1
1092,909066,-6670,8529,-1911,-51,9,-21,12,0,0,1,1
1093,909877,-8385,7676,635,-74,14,-20,7,1,0,1,1
1094,910688,-9434,6270,3088,-77,19,-20,2,1,0,1,1
1095,911499,-9400,4199,5167,-34,21,-18,-4,-1,0,1,1
1096,912310,-8754,1816,6888,-50,23,-14,-8,1,0,1,1
1097,913121,-7790,-551,8376,35,26,-10,-12,4,0,1,1
1098,913932,-6545,-2964,9526,17,22,-5,-15,2,0,1,1
1099,914743,-4750,-5005,9826,72,18,1,-18,0,0,1,1
1100,915554,-2345,-6667,9093,81,15,6,-21,1,0,1,1
1101,916365,139,-8160,8117,96,12,11,-20,2,0,1,1
1102,917176,2608,-9356,6820,72,6,15,-19,2,0,1,1
1103,917987,4848,-9700,4933,81,-1,18,-16,1,0,1,1
1104,918798,6640,-9073,2516,83,-5,21,-13,3,0,1,1
1105,919609,8098,-8134,89,53,-10,20,-8,2,0,1,1
1106,920420,9324,-6796,-2416,112,-18,19,-4,-3,0,1,1
1107,921231,9693,-4902,-4722,69,-20,17,2,-1,0,1,1
1108,922042,9210,-2447,-6579,184,-22,12,5,-4,0,1,1
1109,922853,8113,150,-8161,102,-22,9,10,-3,0,1,1
1110,923664,6881,2187,-9318,-250,-20,3,15,-2,0,1,1
1111,924475,5454,4059,-9541,-28,-19,1,18,-1,0,1,1
1112,925286,3006,5949,-9125,-171,-17,-5,20,-2,0,1,1
1113,926097,429,7720,-8304,-155,-13,-10,20,-2,0,1,1
1114,926908,-1763,8964,-7242,-41,-6,-15,20,-1,0,1,1
1115,927719,-3544,9327,-5823,-40,-2,-18,18,-2,0,1,1
1116,928530,-5297,8849,-3573,-20,5,-20,14,-1,0,1,1
1117,929341,-7363,8357,-1109,-115,10,-20,11,1,0,1,1
1118,930152,-8847,7371,1459,-17,16,-20,5,1,0,1,1
1119,930963,-9647,5752,3796,-99,19,-19,0,0,0,1,1
1120,931774,-9297,3517,5768,-12,19,-16,-6,-4,0,1,1
1121,932585,-8539,1088,7418,-33,21,-13,-10,-1,0,1,1
1122,933396,-7481,-1326,8845,38,21,-6,-14,1,0,1,1
1123,934207,-6077,-3700,9816,39,22,-2,-17,3,0,1,1
1124,935018,-4020,-5625,9708,63,18,4,-20,2,0,1,1
1125,935829,-1534,-7235,8867,97,13,8,-20,1,0,1,1
1126,936640,974,-8695,7794,73,9,12,-20,0,0,1,1
1127,937451,3404,-9685,6370,89,2,16,-17,2,0,1,1
1128,938262,5510,-9629,4188,69,-4,19,-15,0,0,1,1
1129,939073,7175,-8873,1774,76,-8,19,-9,2,0,1,1
1130,939884,8611,-7805,-748,58,-13,20,-7,1,0,1,1
1131,940695,9652,-6345,-3200,107,-16,17,-2,-1,0,1,1
1132,941506,9691,-4215,-5403,73,-20,15,4,-1,0,1,1
1133,942317,9001,-1653,-7119,229,-21,12,7,-2,0,1,1
1134,943128,7726,905,-8674,-43,-20,6,13,-1,0,1,1
1135,943939,6528,2798,-9551,-226,-19,2,16,-1,0,1,1
1136,944750,4787,4688,-9491,-16,-18,-2,18,-2,0,1,1
1137,945561,2202,6574,-8980,-203,-14,-7,19,-1,0,1,1
1138,946372,-337,8248,-8046,-136,-9,-13,20,-2,0,1,1
1139,947183,-2394,9314,-6898,22,-3,-16,18,-2,0,1,1
1140,947994,-4127,9286,-5238,-79,4,-19,15,1,0,1,1
1141,948805,-6006,8813,-2810,-3,7,-20,13,1,0,1,1
1142,949616,-7971,8158,-297,-110,13,-20,8,1,0,1,1
1143,950427,-9279,6982,2262,-35,16,-20,4,0,0,1,1
1144,951238,-9724,5167,4485,-72,19,-17,-2,-1,0,1,1
1145,952049,-9176,2788,6353,-35,21,-13,-8,0,0,1,1
1146,952860,-8285,357,7927,0,24,-9,-12,3,0,1,1
1147,953671,-7126,-2097,9245,21,21,-5,-13,2,0,1,1
1148,954482,-5535,-4359,9957,63,19,0,-18,1,0,1,1
1149,955293,-3248,-6194,9509,67,15,5,-20,0,0,1,1
1150,956104,-736,-7764,8598,98,11,11,-20,2,0,1,1
1151,956915,1770,-9123,7424,71,5,14,-17,2,0,1,1
1152,957726,4140,-9857,5794,78,1,15,-16,0,0,1,1
1153,958537,6125,-9458,3415,82,-5,17,-13,0,0,1,1
1154,959348,7675,-8619,997,53,-11,18,-9,-2,0,1,1
1155,960159,9047,-7411,-1555,82,-15,18,-6,-2,0,1,1
1156,960970,9812,-5773,-3957,82,-18,16,0,-1,0,1,1
1157,961781,9572,-3447,-6017,108,-18,14,5,0,0,1,1
1158,962592,8677,-802,-7658,217,-20,9,10,-1,0,1,1
1159,963403,7354,1564,-9091,-173,-20,4,14,-2,0,1,1
1160,964214,6107,3424,-9671,-140,-19,0,17,-2,0,1,1
1161,965025,4014,5324,-9413,-75,-15,-2,18,1,0,1,1
1162,965836,1379,7200,-8764,-185,-12,-8,20,0,0,1,1
1163,966647,-1084,8729,-7752,-107,-6,-12,20,2,0,1,1
1164,967458,-3012,9543,-6501,31,-1,-15,17,1,0,1,1
1165,968269,-4742,9200,-4526,-68,4,-18,15,1,0,1,1
1166,969080,-6736,8747,-2053,-41,9,-20,12,1,0,1,1
1167,969891,-8500,7916,523,-62,13,-20,5,-2,0,1,1
1168,970702,-9633,6533,3020,-80,18,-18,2,1,0,1,1
1169,971513,-9669,4514,5131,-24,21,-17,-5,0,0,1,1
1170,972324,-9010,2067,6890,-53,21,-12,-9,-1,0,1,1
1171,973135,-8023,-353,8414,38,22,-8,-13,1,0,1,1
1172,973946,-6746,-2842,9604,16,20,-4,-16,0,0,1,1
1173,974757,-4921,-4983,9967,62,17,2,-17,2,0,1,1
1174,975568,-2502,-6723,9294,69,13,8,-18,3,0,1,1
1175,976379,36,-8245,8301,92,9,12,-19,1,0,1,1
1176,977190,2540,-9476,7008,72,3,15,-16,1,0,1,1
1177,978024,4815,-9871,5129,72,-2,18,-15,0,0,1,1
1178,978858,6657,-9267,2688,78,-8,19,-11,0,0,1,1
1179,979692,8129,-8322,235,43,-11,17,-9,-2,0,1,1
1180,980526,9399,-6973,-2326,100,-14,18,-3,1,0,1,1
1181,981360,9825,-5050,-4716,58,-17,15,1,-1,0,1,1
1182,982194,9365,-2529,-6667,169,-20,12,8,0,0,1,1
1183,983028,8190,226,-8304,111,-20,7,12,-1,0,1,1
1184,983862,6859,2367,-9494,-269,-19,3,16,0,0,1,1
1185,984696,5307,4339,-9653,-7,-17,0,17,-1,0,1,1
1186,985530,2755,6270,-9221,-196,-12,-6,19,1,0,1,1
1187,986364,64,8097,-8300,-139,-9,-11,20,0,0,1,1
1188,987198,-2220,9366,-7146,-1,-4,-15,17,-1,0,1,1
1189,988032,-4053,9544,-5554,-64,1,-16,15,0,0,1,1
1190,988866,-5955,9002,-3049,-2,7,-18,11,-1,0,1,1
1191,989700,-7968,8343,-481,-106,13,-20,7,0,0,1,1
1192,990534,-9373,7137,2201,-35,17,-19,3,1,0,1,1
1193,991368,-9875,5295,4508,-72,20,-16,-2,2,0,1,1
1194,992202,-9293,2814,6439,-40,20,-13,-8,-1,0,1,1
1195,993036,-8364,307,8064,7,21,-9,-12,0,0,1,1
1196,993870,-7132,-2255,9403,16,20,-3,-14,2,0,1,1
1197,994704,-5394,-4572,10034,68,18,1,-17,2,0,1,1
1198,995538,-2967,-6448,9482,67,15,6,-18,2,0,1,1
1199,996372,-361,-8047,8506,98,9,12,-19,1,0,1,1
1200,997206,2232,-9379,7214,67,4,14,-18,0,0,1,1
1201,998040,4626,-9911,5362,77,-2,17,-15,0,0,1,1
1202,998874,6561,-9350,2865,76,-7,17,-11,-1,0,1,1
1203,999708,8096,-8397,344,43,-11,19,-9,-1,0,1,1
1204,1000542,9409,-7016,-2298,95,-15,17,-2,0,0,1,1
1205,1001376,9844,-5084,-4699,61,-20,14,2,-4,0,1,1
1206,1002210,9395,-2556,-6667,173,-19,11,8,1,0,1,1
1207,1003044,8229,192,-8316,104,-20,7,12,-1,0,1,1
1208,1003878,6895,2368,-9516,-253,-19,3,15,-1,0,1,1
1209,1004712,5315,4355,-9693,-23,-17,-1,17,-2,0,1,1
1210,1005546,2765,6296,-9262,-201,-15,-6,20,-1,0,1,1
1211,1006380,72,8134,-8334,-128,-8,-10,19,1,0,1,1
1212,1007214,-2241,9414,-7191,-18,-4,-14,18,0,0,1,1
1213,1008048,-4095,9626,-5585,-54,2,-18,17,1,0,1,1
1214,1008882,-6002,9061,-3067,-7,6,-19,12,-1,0,1,1
1215,1009716,-7998,8398,-499,-99,11,-20,8,-1,0,1,1
1216,1010550,-9422,7194,2185,-43,16,-19,3,0,0,1,1
1217,1011384,-9945,5360,4510,-74,19,-15,-2,1,0,1,1
1218,1012218,-9348,2852,6454,-42,21,-13,-8,0,0,1,1
1219,1013052,-8416,340,8083,6,20,-9,-11,1,0,1,1
1220,1013886,-7180,-2228,9426,18,19,-5,-15,0,0,1,1
1221,1014720,-5440,-4564,10062,58,17,2,-17,2,0,1,1
1222,1015554,-3008,-6451,9523,65,14,7,-18,3,0,1,1
1223,1016388,-394,-8060,8546,92,10,10,-18,3,0,1,1
1224,1017222,2199,-9398,7263,64,4,13,-17,-1,0,1,1
1225,1018056,4608,-9945,5414,76,-2,18,-15,2,0,1,1
1226,1018890,6566,-9387,2895,74,-6,18,-11,1,0,1,1
1227,1019724,8109,-8434,365,40,-11,16,-7,-3,0,1,1
1228,1020558,9422,-7066,-2268,88,-16,16,-4,-4,0,1,1
1229,1021392,9866,-5137,-4673,57,-17,13,2,-2,0,1,1
1230,1022226,9430,-2606,-6652,173,-20,11,8,-2,0,1,1
1231,1023060,8264,164,-8324,104,-21,7,11,-2,0,1,1
1232,1023894,6931,2356,-9533,-247,-19,2,15,-2,0,1,1
1233,1024728,5347,4352,-9730,-32,-16,-1,17,0,0,1,1
1234,1025562,2796,6307,-9299,-195,-14,-7,19,-1,0,1,1
1235,1026396,76,8158,-8366,-132,-10,-11,19,-1,0,1,1
1236,1027230,-2251,9461,-7226,-16,-3,-13,17,1,0,1,1
1237,1028064,-4117,9691,-5629,-55,2,-19,14,-2,0,1,1
1238,1028898,-6040,9112,-3087,-15,6,-19,13,1,0,1,1
1239,1029732,-8022,8437,-508,-93,12,-18,9,3,0,1,1
1240,1030566,-9456,7241,2175,-40,14,-17,1,-2,0,1,1
1241,1031400,-9988,5413,4503,-72,19,-15,-3,2,0,1,1
1242,1032234,-9386,2887,6454,-45,21,-12,-9,0,0,1,1
1243,1033068,-8453,363,8098,8,21,-9,-12,0,0,1,1
1244,1033902,-7225,-2217,9451,9,18,-3,-15,1,0,1,1
1245,1034736,-5485,-4554,10093,54,15,1,-17,-1,0,1,1
1246,1035570,-3047,-6454,9558,57,13,7,-18,1,0,1,1
1247,1036404,-421,-8072,8580,87,10,11,-18,3,0,1,1
1248,1037238,2179,-9420,7303,62,3,13,-16,0,0,1,1
1249,1038072,4594,-9984,5465,75,-3,17,-15,-1,0,1,1
1250,1038906,6560,-9429,2940,71,-6,17,-10,1,0,1,1
1251,1039740,8116,-8476,397,37,-10,18,-7,1,0,1,1
1252,1040574,9439,-7113,-2237,89,-14,17,-2,1,0,1,1
1253,1041408,9892,-5199,-4633,60,-17,14,4,1,0,1,1
1254,1042242,9462,-2663,-6638,161,-19,11,7,0,0,1,1
1255,1043076,8306,117,-8312,112,-19,7,13,2,0,1,1
1256,1043910,6965,2332,-9544,-247,-19,2,14,-3,0,1,1
1257,1044744,5390,4338,-9757,-29,-15,-2,17,-1,0,1,1
1258,1045578,2844,6297,-9336,-195,-13,-8,18,-3,0,1,1
1259,1046412,98,8171,-8393,-124,-9,-11,19,0,0,1,1
1260,1047246,-2258,9482,-7257,-33,-3,-14,16,-1,0,1,1
1261,1048080,-4121,9745,-5665,-41,1,-17,14,-2,0,1,1
1262,1048914,-6054,9151,-3122,-25,6,-18,13,1,0,1,1
1263,1049748,-8027,8478,-532,-81,13,-18,7,1,0,1,1
1264,1050582,-9483,7269,2164,-51,16,-18,2,0,0,1,1
1265,1051416,-10026,5463,4488,-75,19,-14,-3,2,0,1,1
1266,1052250,-9422,2926,6449,-47,20,-11,-9,1,0,1,1
1267,1053084,-8489,387,8100,-2,21,-7,-11,3,0,1,1
1268,1053918,-7246,-2209,9469,14,20,-4,-15,2,0,1,1
1269,1054752,-5520,-4548,10122,53,17,2,-17,2,0,1,1
1270,1055586,-3091,-6448,9601,62,12,8,-17,3,0,1,1
1271,1056420,-456,-8076,8620,88,7,11,-18,0,0,1,1
1272,1057254,2169,-9442,7334,62,3,14,-17,0,0,1,1
1273,1058088,4583,-10021,5511,72,-3,16,-14,-2,0,1,1
1274,1058922,6552,-9478,2992,66,-6,17,-10,1,0,1,1
1275,1059756,8115,-8523,444,37,-10,17,-6,1,0,1,1
1276,1060590,9447,-7156,-2205,85,-15,15,-2,-2,0,1,1
1277,1061424,9921,-5257,-4607,57,-18,14,3,-1,0,1,1
1278,1062258,9503,-2739,-6610,153,-18,9,9,0,0,1,1
1279,1063092,8359,50,-8292,116,-19,5,11,-2,0,1,1
1280,1063926,7000,2299,-9546,-247,-18,2,15,-2,0,1,1
1281,1064760,5429,4333,-9790,-28,-15,-3,17,-2,0,1,1
1282,1065594,2901,6283,-9375,-190,-13,-7,18,-2,0,1,1
1283,1066428,140,8161,-8428,-127,-8,-11,18,0,0,1,1
1284,1067262,-2250,9500,-7283,-33,-3,-14,18,0,0,1,1
1285,1068096,-4137,9782,-5690,-45,2,-16,13,-1,0,1,1
1286,1068930,-6060,9188,-3155,-28,6,-18,12,0,0,1,1
1287,1069764,-8022,8501,-565,-86,10,-18,6,-2,0,1,1
1288,1070598,-9486,7289,2142,-55,15,-18,1,-2,0,1,1
1289,1071432,-10053,5496,4481,-76,18,-15,-3,0,0,1,1
1290,1072266,-9460,2964,6449,-48,18,-10,-8,0,0,1,1
1291,1073100,-8522,418,8097,-8,20,-6,-10,3,0,1,1
1292,1073934,-7268,-2193,9475,14,18,-3,-15,0,0,1,1
1293,1074768,-5539,-4549,10145,57,16,3,-16,2,0,1,1
1294,1075602,-3128,-6451,9638,59,12,5,-18,-1,0,1,1
1295,1076436,-486,-8082,8656,88,9,10,-18,1,0,1,1
1296,1077270,2138,-9451,7373,60,3,14,-16,1,0,1,1
1297,1078104,4573,-10060,5555,68,-2,18,-13,3,0,1,1
1298,1078938,6552,-9528,3043,67,-7,16,-10,-2,0,1,1
1299,1079772,8119,-8569,487,37,-11,16,-6,-1,0,1,1
1300,1080606,9458,-7207,-2169,81,-13,15,-1,1,0,1,1
1301,1081440,9954,-5314,-4580,59,-18,12,3,-2,0,1,1
1302,1082274,9532,-2798,-6598,136,-17,8,7,-3,0,1,1
1303,1083108,8413,-11,-8273,129,-20,6,13,-1,0,1,1
1304,1083942,7040,2260,-9547,-247,-16,1,14,-1,0,1,1
1305,1084776,5463,4322,-9811,-26,-15,-1,16,0,0,1,1
1306,1085610,2950,6280,-9414,-185,-12,-7,19,-1,0,1,1
1307,1086444,180,8144,-8465,-141,-8,-10,18,1,0,1,1
1308,1087278,-2234,9509,-7305,-29,-2,-16,16,-2,0,1,1
1309,1088112,-4155,9813,-5708,-50,2,-16,13,-1,0,1,1
1310,1088946,-6074,9229,-3177,-23,7,-18,11,-1,0,1,1
1311,1089780,-8021,8526,-590,-86,12,-19,6,-1,0,1,1
1312,1090614,-9488,7312,2125,-51,15,-16,0,-1,0,1,1
1313,1091448,-10076,5513,4486,-77,18,-14,-5,-1,0,1,1
1314,1092282,-9485,2985,6450,-51,19,-10,-8,1,0,1,1
1315,1093116,-8547,443,8099,-4,18,-6,-12,0,0,1,1
1316,1093950,-7288,-2181,9477,8,18,-2,-15,0,0,1,1
1317,1094784,-5549,-4558,10162,55,14,2,-16,0,0,1,1
1318,1095618,-3137,-6467,9665,60,12,6,-17,2,0,1,1
1319,1096452,-509,-8092,8689,88,9,10,-18,1,0,1,1
1320,1097286,2120,-9462,7401,59,2,14,-16,0,0,1,1
1321,1098120,4571,-10081,5580,69,-3,15,-13,-1,0,1,1
1322,1098954,6561,-9557,3064,67,-7,17,-11,0,0,1,1
1323,1099788,8125,-8610,520,35,-11,17,-6,1,0,1,1
1324,1100622,9471,-7246,-2138,87,-15,16,-1,0,0,1,1
1325,1101456,9973,-5359,-4565,50,-19,13,3,-2,0,1,1
1326,1102290,9564,-2829,-6591,143,-20,9,8,-3,0,1,1
1327,1103124,8450,-66,-8269,116,-19,6,11,-2,0,1,1
1328,1103958,7077,2239,-9540,-225,-18,0,14,-4,0,1,1
1329,1104792,5474,4318,-9836,-44,-14,-3,17,0,0,1,1
1330,1105626,2978,6293,-9444,-173,-13,-6,18,-1,0,1,1
1331,1106460,212,8146,-8493,-134,-8,-10,17,0,0,1,1
1332,1107294,-2221,9509,-7325,-37,-2,-14,16,0,0,1,1
1333,1108128,-4168,9836,-5712,-44,1,-16,13,-2,0,1,1
1334,1108962,-6109,9259,-3185,-35,7,-17,9,-2,0,1,1
1335,1109796,-8024,8550,-600,-74,11,-17,6,0,0,1,1
1336,1110630,-9495,7329,2106,-61,15,-17,1,-1,0,1,1
1337,1111464,-10087,5532,4485,-70,18,-14,-4,-1,0,1,1
1338,1112298,-9513,2997,6461,-55,18,-11,-9,-2,0,1,1
1339,1113132,-8566,452,8112,-2,19,-8,-12,0,0,1,1
1340,1113966,-7306,-2172,9487,8,18,-2,-15,1,0,1,1
1341,1114800,-5555,-4561,10173,57,15,2,-15,1,0,1,1
1342,1115634,-3151,-6481,9687,55,12,7,-17,2,0,1,1
1343,1116468,-516,-8111,8713,86,7,9,-16,0,0,1,1
1344,1117302,2117,-9482,7421,56,4,14,-17,2,0,1,1
1345,1118136,4572,-10103,5595,64,-2,16,-14,0,0,1,1
1346,1118970,6571,-9585,3079,65,-7,17,-11,-1,0,1,1
1347,1119804,8138,-8634,533,37,-11,16,-7,-1,0,1,1
1348,1120638,9483,-7275,-2122,85,-14,15,-3,-1,0,1,1
1349,1121472,9985,-5382,-4552,51,-17,12,2,-2,0,1,1
1350,1122306,9583,-2857,-6589,137,-20,10,8,-1,0,1,1
1351,1123140,8474,-91,-8269,113,-19,4,12,-4,0,1,1
1352,1123974,7104,2219,-9543,-220,-18,0,13,-5,0,1,1
1353,1124808,5489,4316,-9855,-49,-16,-3,17,-3,0,1,1
1354,1125642,3001,6307,-9468,-160,-12,-7,17,-1,0,1,1
1355,1126476,223,8153,-8515,-139,-8,-10,18,1,0,1,1
1356,1127310,-2217,9527,-7347,-37,-4,-12,17,1,0,1,1
1357,1128144,-4188,9865,-5725,-48,2,-16,14,0,0,1,1
1358,1128978,-6132,9286,-3186,-32,6,-18,11,-1,0,1,1
1359,1129812,-8037,8557,-602,-82,11,-18,7,0,0,1,1
1360,1130646,-9502,7341,2110,-52,15,-17,2,0,0,1,1
1361,1131480,-10102,5550,4482,-71,17,-13,-4,1,0,1,1
1362,1132314,-9525,3017,6463,-45,19,-11,-9,0,0,1,1
1363,1133148,-8578,460,8118,1,18,-6,-11,1,0,1,1
1364,1133982,-7317,-2172,9500,11,18,-1,-12,5,0,1,1
1365,1134816,-5578,-4556,10188,53,16,2,-18,0,0,1,1
1366,1135650,-3164,-6487,9703,52,11,6,-17,0,0,1,1
1367,1136484,-519,-8124,8723,80,8,11,-17,1,0,1,1
1368,1137318,2124,-9501,7433,56,2,14,-16,0,0,1,1
1369,1138152,4560,-10122,5628,66,-3,17,-12,1,0,1,1
1370,1138986,6566,-9604,3102,64,-7,16,-10,-1,0,1,1
1371,1139820,8146,-8649,537,33,-11,16,-7,-2,0,1,1
1372,1140654,9493,-7287,-2120,85,-14,16,-3,-1,0,1,1
1373,1141488,10001,-5414,-4537,50,-16,13,4,1,0,1,1
1374,1142322,9598,-2890,-6573,135,-18,8,8,-3,0,1,1
1375,1143156,8492,-111,-8264,117,-18,6,11,-1,0,1,1
1376,1143990,7116,2220,-9556,-219,-16,1,14,-1,0,1,1
1377,1144824,5516,4315,-9874,-43,-15,-1,17,0,0,1,1
1378,1145658,3026,6300,-9496,-170,-12,-8,17,-3,0,1,1
1379,1146492,234,8163,-8525,-128,-8,-12,17,-3,0,1,1
1380,1147326,-2228,9540,-7358,-46,-3,-13,15,-1,0,1,1
1381,1148160,-4196,9897,-5741,-40,3,-17,12,-1,0,1,1
1382,1148994,-6147,9312,-3210,-45,6,-18,10,-3,0,1,1
1383,1149828,-8043,8578,-604,-69,12,-16,5,0,0,1,1
1384,1150662,-9519,7346,2114,-59,15,-17,2,0,0,1,1
1385,1151496,-10121,5567,4486,-69,15,-12,-3,0,0,1,1
1386,1152330,-9551,3040,6461,-50,19,-11,-7,0,0,1,1
1387,1153164,-8600,474,8118,-7,18,-7,-11,0,0,1,1
1388,1153998,-7324,-2170,9509,15,17,-1,-14,2,0,1,1
1389,1154832,-5586,-4559,10194,49,13,2,-16,-1,0,1,1
1390,1155666,-3186,-6481,9725,58,11,6,-18,-2,0,1,1
1391,1156500,-534,-8121,8741,86,9,12,-17,4,0,1,1
1392,1157334,2121,-9507,7447,61,2,14,-15,2,0,1,1
1393,1158168,4561,-10142,5645,64,-2,16,-13,1,0,1,1
1394,1159002,6563,-9622,3128,68,-8,15,-10,-4,0,1,1
1395,1159836,8141,-8669,561,33,-12,18,-7,0,0,1,1
1396,1160670,9500,-7298,-2120,82,-12,14,-2,0,0,1,1
1397,1161504,10008,-5433,-4524,51,-15,15,3,3,0,1,1
1398,1162338,9614,-2920,-6564,129,-18,9,8,-1,0,1,1
1399,1163172,8518,-148,-8251,118,-18,4,11,-3,0,1,1
1400,1164006,7129,2218,-9557,-210,-16,1,14,-2,0,1,1
1401,1164840,5520,4322,-9896,-53,-13,-4,15,-2,0,1,1
1402,1165674,3060,6314,-9518,-143,-12,-7,17,-2,0,1,1
1403,1166508,254,8153,-8547,-139,-7,-11,16,-2,0,1,1
1404,1167342,-2228,9549,-7365,-44,-3,-13,15,-1,0,1,1
1405,1168176,-4218,9927,-5748,-39,1,-16,14,0,0,1,1
1406,1169010,-6164,9346,-3222,-40,6,-18,10,-2,0,1,1
1407,1169844,-8044,8591,-618,-71,11,-17,6,0,0,1,1
1408,1170678,-9524,7352,2113,-58,15,-18,2,-2,0,1,1
1409,1171512,-10135,5572,4494,-70,17,-13,-4,-1,0,1,1
1410,1172346,-9572,3060,6459,-52,19,-10,-7,2,0,1,1
1411,1173180,-8613,493,8118,-2,16,-6,-12,-1,0,1,1
1412,1174014,-7329,-2166,9511,16,17,-1,-15,1,0,1,1
1413,1174848,-5590,-4563,10202,49,14,3,-16,1,0,1,1
1414,1175682,-3208,-6477,9742,57,11,7,-17,1,0,1,1
1415,1176516,-555,-8119,8753,79,6,11,-16,1,0,1,1
1416,1177350,2115,-9512,7449,52,2,15,-15,2,0,1,1
1417,1178185,4569,-10146,5648,70,-4,16,-13,-1,0,1,1
1418,1179020,6559,-9643,3149,64,-6,17,-10,1,0,1,1
1419,1179855,8135,-8681,580,34,-10,18,-7,1,0,1,1
1420,1180690,9500,-7307,-2111,82,-14,15,-1,0,0,1,1
1421,1181525,10017,-5435,-4527,55,-17,12,3,-2,0,1,1
1422,1182360,9624,-2942,-6567,115,-16,9,7,0,0,1,1
1423,1183195,8543,-180,-8239,123,-19,5,11,-3,0,1,1
1424,1184030,7136,2209,-9560,-215,-15,0,15,0,0,1,1
1425,1184865,5516,4340,-9904,-47,-13,-3,18,2,0,1,1
1426,1185700,3064,6317,-9543,-162,-12,-7,17,-2,0,1,1
1427,1186535,278,8136,-8565,-151,-9,-10,18,-2,0,1,1
1428,1187370,-2221,9557,-7363,-27,-3,-12,17,2,0,1,1
1429,1188205,-4238,9957,-5749,-31,2,-16,14,0,0,1,1
1430,1189040,-6192,9372,-3228,-49,7,-17,9,-2,0,1,1
1431,1189875,-8041,8606,-630,-64,11,-18,6,-1,0,1,1
1432,1190710,-9532,7361,2112,-59,15,-16,0,-1,0,1,1
1433,1191545,-10153,5583,4503,-68,18,-13,-4,2,0,1,1
1434,1192380,-9584,3064,6474,-45,17,-10,-7,0,0,1,1
1435,1193215,-8621,501,8114,-5,18,-8,-12,-1,0,1,1
1436,1194050,-7332,-2160,9504,12,18,-3,-15,0,0,1,1
1437,1194885,-5587,-4564,10212,61,14,2,-17,-2,0,1,1
1438,1195720,-3209,-6483,9751,58,11,7,-17,1,0,1,1
1439,1196555,-560,-8118,8766,88,7,10,-18,-1,0,1,1
1440,1197390,2106,-9505,7454,56,3,13,-16,0,0,1,1
1441,1198225,4567,-10147,5648,67,-2,14,-14,-2,0,1,1
1442,1199060,6559,-9654,3158,63,-7,17,-10,1,0,1,1
1443,1199895,8136,-8694,593,35,-11,16,-6,-1,0,1,1
1444,1200730,9503,-7318,-2104,81,-13,15,-2,0,0,1,1
1445,1201565,10021,-5448,-4524,49,-18,12,4,-2,0,1,1
1446,1202400,9629,-2950,-6562,117,-18,10,7,-1,0,1,1
1447,1203235,8557,-206,-8233,118,-18,5,11,-2,0,1,1
1448,1204070,7147,2210,-9557,-200,-16,0,15,-2,0,1,1
1449,1204905,5515,4351,-9922,-56,-14,-3,17,0,0,1,1
1450,1205740,3067,6337,-9558,-154,-11,-8,16,-3,0,1,1
1451,1206575,302,8147,-8582,-134,-8,-10,17,-1,0,1,1
1452,1207410,-2224,9556,-7385,-53,-3,-13,14,-1,0,1,1
1453,1208245,-4254,9978,-5745,-21,3,-15,14,1,0,1,1
1454,1209080,-6222,9390,-3223,-55,7,-17,10,-1,0,1,1
1455,1209915,-8041,8624,-633,-50,10,-16,6,-1,0,1,1
1456,1210750,-9539,7365,2102,-72,14,-16,2,0,0,1,1
1457,1211585,-10157,5589,4513,-56,17,-13,-4,-1,0,1,1
1458,1212420,-9595,3055,6484,-56,18,-10,-8,0,0,1,1
1459,1213255,-8634,513,8125,4,19,-6,-11,1,0,1,1
1460,1214090,-7349,-2148,9506,10,16,-2,-15,-1,0,1,1
1461,1214925,-5580,-4568,10211,62,15,1,-16,0,0,1,1
1462,1215760,-3201,-6495,9752,56,10,7,-17,-1,0,1,1
1463,1216595,-564,-8125,8777,88,7,10,-17,1,0,1,1
1464,1217430,2095,-9510,7471,56,2,14,-13,3,0,1,1
1465,1218265,4570,-10154,5656,71,-3,16,-13,0,0,1,1
1466,1219100,6570,-9659,3157,68,-7,17,-10,1,0,1,1
1467,1219935,8146,-8696,588,38,-11,15,-7,-2,0,1,1
1468,1220770,9505,-7327,-2095,83,-14,15,-2,0,0,1,1
1469,1221605,10023,-5448,-4524,51,-15,13,2,0,0,1,1
1470,1222440,9639,-2952,-6566,121,-17,9,8,0,0,1,1
1471,1223275,8571,-216,-8238,117,-18,4,10,-5,0,1,1
1472,1224110,7166,2194,-9552,-193,-15,1,13,-1,0,1,1
1473,1224945,5520,4345,-9934,-69,-15,-3,17,-1,0,1,1
1474,1225780,3070,6364,-9562,-128,-11,-7,17,-1,0,1,1
1475,1226615,294,8155,-8597,-148,-7,-11,17,-1,0,1,1
1476,1227450,-2211,9572,-7394,-33,-1,-13,16,2,0,1,1
1477,1228285,-4270,9985,-5762,-47,1,-15,12,-2,0,1,1
1478,1229120,-6243,9414,-3214,-43,7,-16,10,1,0,1,1
1479,1229955,-8060,8628,-627,-59,12,-17,5,-1,0,1,1
1480,1230790,-9543,7373,2101,-68,14,-15,0,-1,0,1,1
1481,1231625,-10165,5596,4504,-65,17,-13,-5,-1,0,1,1
1482,1232460,-9596,3061,6491,-45,19,-10,-7,1,0,1,1
1483,1233295,-8640,507,8132,-1,17,-6,-10,1,0,1,1
1484,1234130,-7354,-2150,9516,12,15,-1,-13,1,0,1,1
1485,1234965,-5595,-4563,10216,59,14,2,-16,0,0,1,1
1486,1235800,-3200,-6497,9756,58,12,9,-16,5,0,1,1
1487,1236635,-547,-8137,8775,91,8,10,-16,2,0,1,1
1488,1237470,2099,-9518,7472,54,2,12,-15,-1,0,1,1
1489,1238304,4564,-10160,5670,73,-4,15,-12,-1,0,1,1
1490,1239138,6560,-9659,3162,62,-7,15,-9,-2,0,1,1
1491,1239972,8153,-8698,581,35,-11,16,-7,-2,0,1,1
1492,1240806,9514,-7339,-2092,83,-13,15,-2,0,0,1,1
1493,1241640,10036,-5469,-4517,50,-14,13,3,2,0,1,1
1494,1242474,9642,-2967,-6561,114,-17,10,8,1,0,1,1
1495,1243308,8573,-220,-8243,110,-16,4,12,-1,0,1,1
1496,1244142,7180,2196,-9563,-187,-16,0,13,-3,0,1,1
1497,1244976,5539,4352,-9947,-57,-14,-2,16,0,0,1,1
1498,1245810,3073,6363,-9574,-138,-10,-7,17,0,0,1,1
1499,1246644,301,8166,-8599,-132,-7,-9,17,1,0,1,1
1500,1247478,-2217,9575,-7405,-47,-3,-14,16,-1,0,1,1
1501,1248312,-4264,10011,-5766,-20,2,-16,13,-2,0,1,1
1502,1249146,-6262,9427,-3222,-57,7,-17,11,1,0,1,1
1503,1249980,-8061,8638,-617,-40,12,-17,7,1,0,1,1
1504,1250814,-9551,7375,2104,-72,15,-15,1,0,0,1,1
1505,1251648,-10165,5610,4501,-54,17,-13,-5,-1,0,1,1
1506,1252482,-9607,3059,6490,-58,18,-10,-7,1,0,1,1
1507,1253316,-8639,503,8141,5,17,-5,-11,1,0,1,1
1508,1254150,-7356,-2155,9524,13,17,-1,-15,1,0,1,1
1509,1254984,-5602,-4560,10225,63,13,3,-17,-1,0,1,1
1510,1255818,-3204,-6494,9756,58,9,7,-18,-2,0,1,1
1511,1256652,-548,-8137,8776,91,7,10,-18,0,0,1,1
1512,1257486,2105,-9526,7476,55,3,13,-16,0,0,1,1
1513,1258321,4562,-10169,5679,71,-4,14,-13,-2,0,1,1
1514,1259156,6558,-9668,3174,63,-7,17,-11,-1,0,1,1
1515,1259991,8155,-8700,582,37,-11,17,-6,-1,0,1,1
1516,1260826,9517,-7336,-2097,84,-15,15,-3,-2,0,1,1
1517,1261661,10040,-5482,-4510,48,-16,12,3,-1,0,1,1
1518,1262496,9657,-2994,-6544,119,-16,9,9,2,0,1,1
1519,1263331,8586,-237,-8236,113,-17,4,12,-2,0,1,1
1520,1264166,7184,2207,-9572,-182,-16,2,14,-1,0,1,1
1521,1265001,5541,4360,-9961,-61,-13,-5,17,-1,0,1,1
1522,1265836,3094,6370,-9592,-128,-10,-6,17,0,0,1,1
1523,1266671,305,8154,-8615,-156,-7,-12,16,-2,0,1,1
1524,1267506,-2212,9587,-7391,-16,-4,-13,15,-2,0,1,1
1525,1268341,-4283,10013,-5768,-37,1,-16,15,0,0,1,1
1526,1269176,-6264,9447,-3231,-48,6,-18,9,-2,0,1,1
1527,1270011,-8063,8647,-622,-38,10,-16,6,0,0,1,1
1528,1270846,-9560,7374,2109,-77,14,-15,1,0,0,1,1
1529,1271681,-10167,5610,4509,-48,16,-14,-4,-1,0,1,1
1530,1272516,-9619,3077,6486,-57,18,-9,-9,0,0,1,1
1531,1273351,-8646,511,8144,9,16,-6,-10,0,0,1,1
1532,1274186,-7351,-2167,9535,17,14,-1,-13,0,0,1,1
1533,1275021,-5589,-4575,10231,67,13,2,-15,-1,0,1,1
1534,1275856,-3203,-6499,9760,57,12,8,-17,3,0,1,1
1535,1276691,-553,-8138,8782,91,7,11,-16,1,0,1,1
1536,1277526,2108,-9527,7477,59,2,14,-15,1,0,1,1
1537,1278361,4571,-10175,5676,71,-3,18,-12,3,0,1,1
1538,1279196,6568,-9674,3169,62,-7,16,-9,0,0,1,1
1539,1280031,8158,-8709,587,36,-10,16,-7,0,0,1,1
1540,1280866,9530,-7333,-2111,86,-13,15,-1,1,0,1,1
1541,1281701,10055,-5480,-4523,53,-15,12,3,-1,0,1,1
1542,1282536,9663,-2994,-6550,119,-17,9,9,1,0,1,1
1543,1283371,8594,-249,-8235,110,-17,4,11,-2,0,1,1
1544,1284206,7186,2210,-9568,-173,-16,2,14,0,0,1,1
1545,1285041,5534,4376,-9980,-70,-15,-4,16,-3,0,1,1
1546,1285876,3109,6382,-9600,-109,-11,-7,18,0,0,1,1
1547,1286711,303,8151,-8625,-172,-7,-10,15,-2,0,1,1
1548,1287546,-2214,9595,-7388,-8,-2,-14,15,0,0,1,1
1549,1288381,-4305,10028,-5762,-39,2,-16,13,0,0,1,1
1550,1289216,-6283,9465,-3229,-47,7,-17,10,0,0,1,1
1551,1290051,-8065,8649,-624,-40,12,-16,5,1,0,1,1
1552,1290886,-9558,7363,2125,-70,14,-15,2,0,0,1,1
1553,1291721,-10167,5597,4524,-46,16,-13,-4,-1,0,1,1
1554,1292556,-9632,3075,6501,-56,18,-9,-9,0,0,1,1
1555,1293391,-8652,518,8143,9,17,-6,-11,0,0,1,1
1556,1294226,-7344,-2173,9530,13,14,-1,-13,1,0,1,1
1557,1295061,-5571,-4587,10228,70,15,1,-15,1,0,1,1
1558,1295896,-3191,-6514,9765,59,10,6,-17,-1,0,1,1
1559,1296731,-548,-8144,8787,94,5,10,-17,-2,0,1,1
1560,1297566,2112,-9533,7474,53,2,14,-15,1,0,1,1
1561,1298400,4587,-10175,5663,74,-4,16,-11,1,0,1,1
1562,1299234,6574,-9675,3162,61,-7,17,-10,0,0,1,1
1563,1300068,8162,-8711,590,41,-9,16,-6,1,0,1,1
1564,1300902,9530,-7334,-2111,85,-14,13,0,-2,0,1,1
1565,1301736,10057,-5463,-4541,53,-16,12,2,-2,0,1,1
1566,1302570,9666,-2984,-6566,117,-19,9,8,-1,0,1,1
1567,1303404,8614,-268,-8233,112,-17,4,10,-4,0,1,1
1568,1304238,7199,2203,-9574,-172,-15,1,14,-1,0,1,1
1569,1305072,5530,4404,-9992,-58,-13,-3,17,2,0,1,1
1570,1305906,3094,6408,-9608,-107,-11,-8,16,-3,0,1,1
1571,1306740,326,8168,-8629,-135,-7,-9,17,0,0,1,1
1572,1307574,-2218,9590,-7400,-28,-3,-14,15,-2,0,1,1
1573,1308408,-4325,10042,-5748,-31,2,-15,13,0,0,1,1
1574,1309242,-6317,9475,-3219,-61,7,-17,9,-1,0,1,1
1575,1310076,-8064,8658,-625,-31,10,-16,6,0,0,1,1
1576,1310910,-9556,7362,2117,-77,13,-16,1,-2,0,1,1
1577,1311744,-10161,5587,4534,-40,16,-14,-4,-2,0,1,1
1578,1312578,-9635,3067,6511,-57,19,-10,-8,1,0,1,1
1579,1313412,-8656,520,8148,13,17,-6,-11,0,0,1,1
1580,1314246,-7354,-2160,9529,15,16,-1,-14,1,0,1,1
1581,1315080,-5567,-4594,10224,62,13,2,-15,0,0,1,1
1582,1315914,-3183,-6523,9771,64,10,6,-16,0,0,1,1
1583,1316748,-549,-8154,8788,85,7,9,-17,0,0,1,1
1584,1317582,2108,-9527,7482,63,3,12,-15,0,0,1,1
1585,1318416,4591,-10178,5657,69,-2,15,-14,0,0,1,1
1586,1319250,6590,-9679,3159,69,-6,15,-10,0,0,1,1
1587,1320084,8169,-8722,588,34,-11,15,-6,-3,0,1,1
1588,1320918,9534,-7341,-2101,92,-13,14,-2,-1,0,1,1
1589,1321752,10055,-5464,-4539,53,-16,11,3,-1,0,1,1
1590,1322586,9665,-2984,-6568,113,-17,9,7,-1,0,1,1
1591,1323420,8626,-275,-8233,118,-16,5,11,0,0,1,1
1592,1324254,7213,2191,-9577,-173,-16,-1,14,-3,0,1,1
1593,1325088,5538,4409,-9999,-52,-15,-4,17,-3,0,1,1
1594,1325922,3086,6423,-9615,-106,-11,-7,16,-2,0,1,1
1595,1326756,337,8171,-8641,-133,-6,-10,17,2,0,1,1
1596,1327590,-2206,9588,-7414,-32,-3,-13,15,0,0,1,1
1597,1328424,-4331,10050,-5751,-32,3,-15,12,0,0,1,1
1598,1329258,-6331,9483,-3215,-63,7,-16,11,1,0,1,1
1599,1330092,-8073,8669,-622,-26,11,-16,5,0,0,1,1
1600,1330926,-9559,7373,2111,-75,14,-15,1,-1,0,1,1
1601,1331760,-10166,5594,4534,-38,17,-12,-4,1,0,1,1
1602,1332594,-9635,3060,6517,-58,16,-10,-8,-2,0,1,1
1603,1333428,-8657,524,8148,15,18,-7,-9,1,0,1,1
1604,1334262,-7357,-2155,9525,13,17,-2,-14,0,0,1,1
1605,1335096,-5575,-4584,10222,62,14,3,-16,0,0,1,1
1606,1335930,-3177,-6527,9766,62,10,6,-16,-1,0,1,1
1607,1336764,-550,-8154,8789,84,7,11,-16,2,0,1,1
1608,1337598,2100,-9526,7484,58,2,13,-16,0,0,1,1
1609,1338432,4579,-10173,5667,72,-2,16,-13,0,0,1,1
1610,1339266,6595,-9681,3155,69,-6,16,-10,0,0,1,1
1611,1340100,8173,-8720,588,41,-11,17,-7,-1,0,1,1
1612,1340934,9534,-7350,-2096,88,-16,13,-2,-5,0,1,1
1613,1341768,10063,-5483,-4524,56,-15,11,4,-1,0,1,1
1614,1342602,9664,-2987,-6568,109,-17,8,8,-1,0,1,1
1615,1343436,8623,-283,-8237,103,-15,5,12,1,0,1,1
1616,1344270,7228,2190,-9575,-157,-15,2,12,-1,0,1,1
1617,1345104,5557,4400,-10010,-53,-13,-2,15,-1,0,1,1
1618,1345938,3093,6423,-9624,-108,-11,-8,19,0,0,1,1
1619,1346772,337,8180,-8642,-125,-8,-10,17,-1,0,1,1
1620,1347606,-2202,9587,-7426,-41,-4,-14,15,-3,0,1,1
1621,1348440,-4322,10066,-5767,-23,1,-16,12,-2,0,1,1
1622,1349274,-6344,9492,-3219,-71,6,-17,8,-3,0,1,1
1623,1350108,-8077,8672,-620,-25,10,-17,5,-2,0,1,1
1624,1350942,-9562,7374,2108,-80,15,-15,1,0,0,1,1
1625,1351776,-10167,5610,4518,-39,16,-13,-4,-1,0,1,1
1626,1352610,-9637,3071,6512,-54,18,-10,-9,-1,0,1,1
1627,1353444,-8659,519,8148,9,18,-6,-12,0,0,1,1
1628,1354278,-7359,-2152,9529,18,15,-1,-14,0,0,1,1
1629,1355112,-5585,-4575,10225,65,13,3,-16,0,0,1,1
1630,1355946,-3185,-6516,9766,65,10,6,-18,-2,0,1,1
1631,1356780,-546,-8149,8789,93,7,10,-16,1,0,1,1
1632,1357614,2103,-9532,7488,59,3,12,-14,1,0,1,1
1633,1358448,4571,-10178,5682,75,-3,15,-12,-1,0,1,1
1634,1359282,6586,-9686,3167,66,-8,16,-9,-2,0,1,1
1635,1360116,8170,-8721,588,37,-10,16,-6,-1,0,1,1
1636,1360950,9534,-7353,-2090,91,-13,14,0,1,0,1,1
1637,1361784,10067,-5498,-4516,53,-16,13,4,1,0,1,1
1638,1362618,9676,-3005,-6559,112,-16,8,8,-1,0,1,1
1639,1363452,8630,-289,-8233,108,-20,4,11,-5,0,1,1
1640,1364286,7235,2189,-9577,-154,-16,1,13,-2,0,1,1
1641,1365120,5565,4393,-10026,-69,-12,-3,16,0,0,1,1
1642,1365954,3113,6429,-9624,-82,-9,-6,18,3,0,1,1
1643,1366788,338,8169,-8654,-148,-7,-9,14,-2,0,1,1
1644,1367622,-2193,9595,-7423,-21,-3,-14,15,-2,0,1,1
1645,1368456,-4329,10068,-5779,-40,2,-17,13,-2,0,1,1
1646,1369290,-6342,9512,-3230,-59,7,-16,10,0,0,1,1
1647,1370124,-8076,8673,-622,-24,11,-17,5,-1,0,1,1
1648,1370958,-9563,7377,2104,-81,14,-15,1,0,0,1,1
1649,1371792,-10169,5618,4515,-36,17,-13,-3,1,0,1,1
1650,1372626,-9648,3086,6503,-59,17,-9,-8,1,0,1,1
1651,1373460,-8657,524,8151,18,16,-6,-12,-1,0,1,1
1652,1374294,-7355,-2162,9529,13,15,-1,-13,1,0,1,1
1653,1375128,-5583,-4579,10232,70,14,2,-16,0,0,1,1
1654,1375962,-3199,-6512,9771,60,12,9,-17,4,0,1,1
1655,1376796,-549,-8144,8788,95,7,10,-16,0,0,1,1
1656,1377630,2103,-9524,7479,58,2,14,-14,2,0,1,1
1657,1378464,4572,-10179,5683,75,-3,14,-12,-1,0,1,1
1658,1379298,6582,-9696,3182,68,-6,15,-8,1,0,1,1
1659,1380132,8168,-8720,595,42,-10,16,-6,1,0,1,1
1660,1380966,9537,-7347,-2099,91,-12,13,-2,-1,0,1,1
1661,1381800,10066,-5497,-4516,53,-17,12,2,-3,0,1,1
1662,1382634,9685,-3028,-6550,107,-17,8,7,-3,0,1,1
1663,1383468,8636,-306,-8225,105,-16,4,11,-1,0,1,1
1664,1384302,7235,2196,-9579,-148,-15,0,14,-1,0,1,1
1665,1385136,5560,4407,-10037,-70,-14,-4,15,-3,0,1,1
1666,1385970,3129,6428,-9644,-87,-11,-7,17,0,0,1,1
1667,1386804,349,8156,-8668,-162,-7,-9,15,-1,0,1,1
1668,1387638,-2189,9602,-7414,-1,-3,-14,15,-1,0,1,1
1669,1388472,-4344,10077,-5772,-39,3,-15,12,0,0,1,1
1670,1389306,-6351,9529,-3234,-56,7,-17,9,-1,0,1,1
1671,1390140,-8072,8680,-633,-25,13,-16,5,2,0,1,1
1672,1390974,-9557,7371,2111,-75,13,-13,1,1,0,1,1
1673,1391808,-10169,5608,4524,-37,16,-13,-5,-2,0,1,1
1674,1392642,-9654,3092,6506,-56,17,-10,-7,0,0,1,1
1675,1393476,-8662,538,8142,18,17,-6,-12,-1,0,1,1
1676,1394310,-7350,-2160,9527,16,16,-2,-14,0,0,1,1
1677,1395144,-5571,-4584,10229,74,14,4,-14,3,0,1,1
1678,1395978,-3201,-6517,9780,62,10,6,-17,-2,0,1,1
1679,1396812,-559,-8138,8790,93,7,11,-16,2,0,1,1
1680,1397646,2106,-9521,7473,59,1,13,-14,0,0,1,1
1681,1398480,4583,-10178,5670,75,-1,15,-13,1,0,1,1
1682,1399314,6586,-9702,3183,67,-7,17,-7,3,0,1,1
1683,1400148,8164,-8724,603,43,-10,16,-6,0,0,1,1
1684,1400982,9534,-7345,-2101,88,-13,14,-1,0,0,1,1
1685,1401816,10072,-5492,-4524,56,-15,11,2,-2,0,1,1
1686,1402650,9693,-3030,-6555,109,-17,9,8,0,0,1,1
1687,1403484,8653,-317,-8210,126,-17,6,12,0,0,1,1
1688,1404318,7221,2187,-9585,-177,-15,1,15,1,0,1,1
1689,1405152,5548,4424,-10039,-67,-13,-3,14,-1,0,1,1
1690,1405986,3133,6437,-9656,-85,-10,-6,17,0,0,1,1
1691,1406820,362,8157,-8676,-157,-6,-10,16,0,0,1,1
1692,1407654,-2192,9595,-7414,-11,-2,-13,16,0,0,1,1
1693,1408488,-4355,10083,-5761,-33,1,-16,12,-2,0,1,1
1694,1409322,-6369,9540,-3234,-63,7,-15,8,1,0,1,1
1695,1410156,-8069,8691,-640,-19,11,-17,6,0,0,1,1
1696,1410990,-9559,7368,2110,-80,14,-15,2,1,0,1,1
1697,1411824,-10167,5599,4533,-35,16,-11,-4,2,0,1,1
1698,1412658,-9658,3087,6514,-57,17,-9,-7,1,0,1,1
1699,1413492,-8673,549,8138,13,17,-7,-11,-1,0,1,1
1700,1414326,-7349,-2157,9526,19,15,-1,-14,0,0,1,1
1701,1415160,-5552,-4602,10222,68,15,3,-16,2,0,1,1
1702,1415994,-3189,-6528,9781,64,10,6,-17,0,0,1,1
1703,1416828,-565,-8138,8799,96,6,11,-18,-1,0,1,1
1704,1417662,2099,-9518,7478,59,2,14,-16,0,0,1,1
1705,1418496,4593,-10177,5659,75,-4,15,-12,0,0,1,1
1706,1419330,6597,-9702,3173,68,-7,16,-9,0,0,1,1
1707,1420164,8166,-8732,606,40,-10,16,-5,1,0,1,1
1708,1420998,9533,-7346,-2096,90,-13,14,-2,-1,0,1,1
1709,1421832,10071,-5484,-4531,56,-16,11,3,-2,0,1,1
1710,1422666,9690,-3019,-6563,108,-17,9,7,-2,0,1,1
1711,1423500,8660,-337,-8218,105,-16,6,11,1,0,1,1
1712,1424334,7241,2189,-9575,-145,-15,1,14,-1,0,1,1
1713,1425168,5540,4432,-10045,-73,-12,-4,17,1,0,1,1
1714,1426002,3122,6461,-9659,-76,-10,-8,16,-2,0,1,1
1715,1426836,365,8156,-8687,-166,-7,-10,16,-1,0,1,1
1716,1427670,-2176,9598,-7421,1,-3,-13,16,0,0,1,1
1717,1428504,-4372,10077,-5753,-48,3,-14,12,1,0,1,1
1718,1429338,-6388,9550,-3218,-57,5,-17,10,-2,0,1,1
1719,1430172,-8081,8690,-638,-29,11,-17,6,0,0,1,1
1720,1431006,-9550,7375,2098,-77,14,-15,1,-1,0,1,1
1721,1431840,-10164,5592,4531,-40,17,-13,-3,2,0,1,1
1722,1432674,-9656,3080,6525,-51,17,-9,-7,1,0,1,1
1723,1433508,-8674,540,8147,13,19,-6,-12,1,0,1,1
1724,1434342,-7357,-2149,9522,16,16,-2,-13,2,0,1,1
1725,1435176,-5554,-4595,10222,73,14,4,-15,3,0,1,1
1726,1436010,-3177,-6538,9777,61,11,7,-18,-1,0,1,1
1727,1436844,-553,-8150,8801,98,6,10,-16,0,0,1,1
1728,1437678,2098,-9518,7484,64,3,12,-15,0,0,1,1
1729,1438512,4590,-10171,5656,74,-3,16,-12,1,0,1,1
1730,1439346,6602,-9697,3164,69,-8,15,-7,0,0,1,1
1731,1440180,8174,-8730,598,42,-10,16,-6,0,0,1,1
1732,1441014,9535,-7355,-2092,88,-14,14,-3,-2,0,1,1
1733,1441848,10070,-5485,-4525,60,-16,12,3,-1,0,1,1
1734,1442682,9686,-3013,-6565,108,-17,8,8,-1,0,1,1
1735,1443516,8666,-329,-8214,123,-17,4,11,-3,0,1,1
1736,1444350,7243,2176,-9585,-166,-15,0,13,-2,0,1,1
1737,1445184,5547,4434,-10046,-65,-13,-3,15,0,0,1,1
1738,1446018,3114,6465,-9664,-84,-10,-7,17,0,0,1,1
1739,1446852,366,8168,-8689,-154,-8,-12,16,-3,0,1,1
1740,1447686,-2179,9592,-7433,-20,-3,-14,17,0,0,1,1
1741,1448520,-4364,10087,-5753,-30,2,-15,13,0,0,1,1
1742,1449354,-6403,9549,-3217,-72,8,-15,9,2,0,1,1
1743,1450188,-8086,8697,-628,-17,11,-17,6,0,0,1,1
1744,1451022,-9557,7380,2092,-84,15,-14,1,2,0,1,1
1745,1451856,-10155,5594,4524,-37,16,-11,-4,1,0,1,1
1746,1452690,-9656,3069,6526,-61,17,-10,-7,-1,0,1,1
1747,1453524,-8673,539,8149,15,17,-6,-11,0,0,1,1
1748,1454358,-7358,-2144,9519,18,16,-1,-15,0,0,1,1
1749,1455192,-5561,-4587,10215,67,13,4,-14,2,0,1,1
1750,1456026,-3169,-6540,9776,67,9,7,-17,-1,0,1,1
1751,1456860,-549,-8155,8804,100,7,10,-17,1,0,1,1
1752,1457694,2093,-9520,7489,63,3,12,-16,-1,0,1,1
1753,1458528,4583,-10171,5664,75,-3,15,-12,0,0,1,1
1754,1459362,6605,-9695,3158,68,-7,17,-9,1,0,1,1
1755,1460196,8178,-8728,593,43,-10,15,-4,1,0,1,1
1756,1461030,9534,-7358,-2087,89,-14,14,-2,-1,0,1,1
1757,1461864,10070,-5502,-4510,58,-15,12,4,0,0,1,1
1758,1462698,9688,-3016,-6562,110,-17,9,8,-1,0,1,1
1759,1463532,8665,-329,-8221,115,-16,4,11,-1,0,1,1
1760,1464366,7251,2178,-9586,-157,-15,1,12,-1,0,1,1
1761,1465200,5558,4428,-10049,-63,-14,-4,17,-1,0,1,1
1762,1466034,3119,6461,-9666,-86,-10,-7,17,0,0,1,1
1763,1466868,362,8173,-8691,-156,-7,-9,17,0,0,1,1
1764,1467702,-2179,9597,-7434,-15,-3,-15,14,-4,0,1,1
1765,1468536,-4358,10092,-5766,-32,2,-14,12,0,0,1,1
1766,1469370,-6403,9551,-3221,-73,6,-17,8,-4,0,1,1
1767,1470204,-8088,8696,-627,-20,13,-16,6,3,0,1,1
1768,1471038,-9560,7379,2097,-84,15,-15,1,0,0,1,1
1769,1471872,-10155,5600,4518,-37,18,-12,-5,1,0,1,1
1770,1472706,-9658,3080,6520,-58,16,-10,-8,-1,0,1,1
1771,1473540,-8672,534,8153,14,16,-5,-11,0,0,1,1
1772,1474374,-7358,-2151,9523,15,15,-2,-13,1,0,1,1
1773,1475208,-5556,-4583,10212,73,13,2,-17,-1,0,1,1
1774,1476042,-3179,-6530,9770,61,10,8,-17,1,0,1,1
1775,1476876,-548,-8150,8800,101,7,10,-17,0,0,1,1
1776,1477710,2095,-9520,7484,59,2,14,-15,1,0,1,1
1777,1478544,4579,-10174,5673,78,-2,15,-12,1,0,1,1
1778,1479378,6597,-9699,3168,66,-7,16,-10,-1,0,1,1
1779,1480212,8178,-8729,592,41,-11,17,-6,-1,0,1,1
1780,1481046,9536,-7357,-2092,87,-14,15,-2,0,0,1,1
1781,1481880,10069,-5498,-4511,60,-16,11,5,-1,0,1,1
1782,1482714,9687,-3027,-6555,105,-16,7,7,-2,0,1,1
1783,1483548,8667,-343,-8215,109,-17,5,12,-1,0,1,1
1784,1484382,7252,2182,-9586,-152,-16,1,13,-3,0,1,1
1785,1485216,5560,4428,-10056,-69,-14,-4,16,-2,0,1,1
1786,1486050,3128,6464,-9671,-79,-10,-6,17,1,0,1,1
1787,1486884,371,8167,-8691,-152,-8,-10,17,-1,0,1,1
1788,1487718,-2180,9599,-7433,-14,-2,-13,14,-1,0,1,1
1789,1488552,-4364,10095,-5763,-31,1,-15,12,-3,0,1,1
1790,1489386,-6409,9561,-3226,-74,8,-16,9,1,0,1,1
1791,1490220,-8089,8698,-625,-16,10,-16,4,-1,0,1,1
1792,1491054,-9558,7373,2097,-87,14,-15,2,1,0,1,1
1793,1491888,-10150,5599,4515,-36,16,-12,-4,0,0,1,1
1794,1492722,-9662,3090,6516,-57,17,-10,-9,-2,0,1,1
1795,1493556,-8672,539,8145,11,18,-5,-10,3,0,1,1
1796,1494390,-7353,-2156,9526,18,14,-1,-13,1,0,1,1
1797,1495224,-5552,-4590,10213,71,13,2,-13,2,0,1,1
1798,1496058,-3183,-6529,9776,64,10,7,-16,0,0,1,1
1799,1496892,-553,-8143,8795,98,9,11,-16,4,0,1,1
1800,1497726,2099,-9517,7481,64,3,12,-14,1,0,1,1
1801,1498560,4584,-10169,5664,78,-3,15,-11,1,0,1,1
1802,1499394,6600,-9703,3172,69,-7,17,-8,2,0,1,1
1803,1500228,8179,-8734,599,44,-10,16,-5,0,0,1,1
1804,1501062,9536,-7355,-2094,87,-13,15,-1,1,0,1,1
1805,1501896,10063,-5489,-4516,58,-16,13,3,0,0,1,1
1806,1502730,9690,-3032,-6555,103,-17,9,7,-2,0,1,1
1807,1503564,8673,-357,-8211,105,-16,5,10,-1,0,1,1
1808,1504398,7252,2186,-9585,-147,-16,0,14,-3,0,1,1
1809,1505232,5546,4443,-10060,-72,-13,-4,17,0,0,1,1
1810,1506066,3133,6468,-9677,-76,-9,-8,16,-1,0,1,1
1811,1506900,383,8164,-8700,-153,-7,-10,16,-1,0,1,1
1812,1507734,-2180,9595,-7430,-15,-3,-13,17,0,0,1,1
1813,1508568,-4378,10097,-5753,-33,2,-14,12,0,0,1,1
1814,1509402,-6421,9565,-3225,-81,7,-16,9,1,0,1,1
1815,1510236,-8083,8704,-635,-14,9,-15,5,-2,0,1,1
1816,1511070,-9559,7370,2100,-89,13,-14,1,0,0,1,1
1817,1511904,-10148,5585,4527,-36,15,-13,-4,-1,0,1,1
1818,1512738,-9662,3081,6522,-59,18,-8,-7,3,0,1,1
1819,1513572,-8678,546,8143,11,18,-6,-12,1,0,1,1
1820,1514406,-7351,-2149,9517,17,17,-2,-14,0,0,1,1
1821,1515240,-5542,-4597,10205,66,13,3,-16,0,0,1,1
1822,1516074,-3180,-6533,9775,61,10,8,-17,1,0,1,1
1823,1516908,-560,-8146,8800,94,9,11,-16,4,0,1,1
1824,1517742,2094,-9515,7483,62,3,13,-15,1,0,1,1
